0.00	0.00	-8.78
1.00	15000.00	-9.07
2.00	15749.53	-6.65
3.00	16496.25	45.71
4.00	17237.37	386.11
5.00	17970.12	1169.07
6.00	18691.76	2135.24
7.00	19399.62	3086.14
8.00	20091.09	3991.42
9.00	20763.65	4861.20
10.00	21414.85	5718.42
11.00	22042.34	6578.87
12.00	22643.91	7441.93
13.00	23217.45	8298.57
14.00	23760.99	9144.37
15.00	24272.69	9968.30
16.00	24750.90	10758.20
17.00	25194.07	11514.90
18.00	25600.86	12248.21
19.00	25970.08	12964.72
20.00	26300.72	13675.00
21.00	26591.96	14386.37
22.00	26843.14	15098.54
23.00	27053.80	15797.49
24.00	27223.66	16476.41
25.00	27352.65	17139.46
26.00	27440.84	17784.92
27.00	27488.52	18419.62
28.00	27496.16	19048.60
29.00	27464.38	19674.05
30.00	27394.02	20291.16
31.00	27286.03	20907.62
32.00	27141.59	21522.18
33.00	26961.97	22119.51
34.00	26748.62	22702.92
35.00	26503.15	23283.61
36.00	26227.25	23843.39
37.00	25922.77	24384.39
38.00	25591.66	24909.77
39.00	25235.97	25379.34
40.00	24857.82	25781.29
41.00	24459.44	26105.20
42.00	24043.10	26310.65
43.00	23611.13	26440.38
44.00	23165.89	26482.22
45.00	22709.79	26317.57
46.00	22245.24	26177.19
47.00	21774.64	26029.00
48.00	21300.40	25732.59
49.00	20824.91	25284.22
50.00	20350.50	24825.88
51.00	19879.48	24389.05
52.00	19414.08	23974.59
53.00	18956.47	23565.35
54.00	18508.74	23163.45
55.00	18072.89	22762.77
56.00	17650.82	22369.58
57.00	17244.31	21979.70
58.00	16855.04	21597.55
59.00	16484.55	21224.04
60.00	16134.25	20860.89
61.00	15805.42	20504.16
62.00	15499.20	20152.80
63.00	15216.55	19803.32
64.00	14958.32	19454.90
65.00	14725.17	19109.47
66.00	14517.64	18769.19
67.00	14336.08	18436.75
68.00	14180.70	18112.71
69.00	14051.54	17795.61
70.00	13948.51	17480.75
71.00	13871.34	17166.27
72.00	13819.62	16852.24
73.00	13792.81	16542.11
74.00	13790.21	16238.47
75.00	13811.00	15941.98
76.00	13854.21	15650.54
77.00	13918.78	15362.57
78.00	14003.52	15074.65
79.00	14107.15	14790.20
80.00	14228.26	14507.97
81.00	14365.40	14229.54
82.00	14517.00	13954.60
83.00	14681.46	13682.66
84.00	14857.12	13419.17
85.00	15042.24	13231.37
86.00	15235.08	13133.13
87.00	15433.88	12972.97
88.00	15636.83	12826.55
89.00	15842.18	12900.05
90.00	16048.13	13112.30
91.00	16252.94	13288.50
92.00	16454.88	13608.76
93.00	16652.27	13943.08
94.00	16843.49	14330.58
95.00	17026.98	14734.33
96.00	17201.23	15161.03
97.00	17364.83	15580.39
98.00	17516.47	16009.75
99.00	17654.90	16397.66
100.00	17778.99	16775.97
101.00	17887.74	17093.88
102.00	17980.23	17385.58
103.00	18055.68	17642.86
104.00	18113.44	17814.21
105.00	18152.95	18032.17
106.00	18173.83	18101.22
107.00	18175.79	18179.33
108.00	18158.69	18286.89
109.00	18122.53	18218.21
110.00	18067.42	18165.47
111.00	17993.63	18208.71
112.00	17901.52	18143.42
113.00	17791.60	17937.48
114.00	17664.50	17833.51
115.00	17520.97	17819.29
116.00	17361.84	17736.99
117.00	17188.08	17495.11
118.00	17000.75	17316.06
119.00	16800.97	17260.21
120.00	16590.00	17226.11
121.00	16369.12	17051.53
122.00	16139.70	16795.44
123.00	15903.18	16659.15
124.00	15661.01	16597.02
125.00	15414.73	16527.89
126.00	15165.85	16307.10
127.00	14915.93	16024.94
128.00	14666.55	15839.17
129.00	14419.24	15712.77
130.00	14175.56	15608.10
131.00	13937.03	15459.15
132.00	13705.12	15184.20
133.00	13481.30	14876.77
134.00	13266.93	14603.63
135.00	13063.36	14408.41
136.00	12871.81	14206.06
137.00	12693.49	14014.74
138.00	12529.46	13858.24
139.00	12380.72	13630.50
140.00	12248.15	13346.96
141.00	12132.54	13056.90
142.00	12034.54	12782.65
143.00	11954.70	12528.08
144.00	11893.44	12335.79
145.00	11851.06	12181.05
146.00	11827.71	12019.04
147.00	11823.44	11917.21
148.00	11838.15	11761.66
149.00	11871.60	11515.70
150.00	11923.43	11275.56
151.00	11993.15	11140.71
152.00	12080.15	11116.54
153.00	12183.67	11153.19
154.00	12302.85	11116.33
155.00	12436.70	11008.84
156.00	12584.14	11044.07
157.00	12743.97	11179.62
158.00	12914.88	11232.96
159.00	13095.51	11335.04
160.00	13284.36	11575.86
161.00	13479.91	11745.48
162.00	13680.55	11981.23
163.00	13884.61	12260.81
164.00	14090.37	12477.71
165.00	14296.11	12787.69
166.00	14500.04	13025.78
167.00	14700.40	13323.09
168.00	14895.39	13610.44
169.00	15083.23	13884.25
170.00	15262.17	14197.03
171.00	15430.48	14429.59
172.00	15586.48	14732.24
173.00	15728.53	14939.38
174.00	15855.05	15183.27
175.00	15964.56	15399.80
176.00	16055.63	15549.70
177.00	16126.95	15773.06
178.00	16177.28	15870.26
179.00	16205.51	15985.37
180.00	16210.66	16137.90
181.00	16191.86	16133.99
182.00	16148.37	16169.57
183.00	16079.58	16261.47
184.00	15985.06	16193.82
185.00	15864.47	16091.90
186.00	15717.68	16109.65
187.00	15544.68	16111.24
188.00	15345.61	15942.76
189.00	15120.81	15786.60
190.00	14870.72	15743.28
191.00	14595.99	15715.78
192.00	14297.38	15549.21
193.00	13975.83	15290.55
194.00	13632.43	15131.62
195.00	13268.41	15030.55
196.00	12885.12	14945.18
197.00	12484.07	14768.82
198.00	12066.91	14475.82
199.00	11635.37	14169.79
200.00	11191.32	13899.73
201.00	10736.71	13670.23
202.00	10273.62	13405.06
203.00	9804.20	13118.01
204.00	9330.65	12830.67
205.00	8855.26	12545.18
206.00	8380.35	12264.21
207.00	7908.29	11989.64
208.00	7441.49	11720.72
209.00	6982.37	11457.55
210.00	6533.31	11201.50
211.00	6096.73	10949.49
212.00	5675.00	10701.75
213.00	5270.49	10455.77
214.00	4885.48	10211.82
215.00	4522.19	9971.27
216.00	4182.80	9734.62
217.00	3869.38	9501.43
218.00	3583.92	9273.89
219.00	3328.30	9052.25
220.00	3104.25	8834.85
221.00	2913.42	8619.19
222.00	2757.30	8405.75
223.00	2637.25	8194.75
224.00	2554.45	7988.27
225.00	2509.94	7784.69
226.00	2504.60	7583.13
227.00	2539.11	7385.34
228.00	2614.00	7190.79
229.00	2729.60	7000.70
230.00	2886.09	6812.80
231.00	3083.41	6626.76
232.00	3321.37	6443.93
233.00	3599.55	6264.28
234.00	3917.37	6087.90
235.00	4274.06	5914.52
236.00	4668.68	5744.58
237.00	5100.08	5578.60
238.00	5566.98	5416.70
239.00	6067.88	5258.75
240.00	6601.19	5103.68
241.00	7165.12	4951.13
242.00	7757.74	4803.70
243.00	8376.99	4672.99
244.00	9020.66	4588.77
245.00	9686.49	4639.11
246.00	10372.05	4936.40
247.00	11074.84	5312.95
248.00	11792.27	5726.90
249.00	12521.65	6245.95
250.00	13260.34	6776.69
251.00	14005.54	7372.68
252.00	14754.46	8006.17
253.00	15504.31	8671.90
254.00	16252.24	9377.10
255.00	16995.50	10081.09
256.00	17731.30	10795.48
257.00	18456.88	11515.48
258.00	19169.55	12230.18
259.00	19866.65	12951.62
260.00	20545.68	13675.26
261.00	21204.14	14393.69
262.00	21839.65	15114.32
263.00	22449.94	15835.36
264.00	23032.87	16547.37
265.00	23586.44	17255.55
266.00	24108.77	17956.11
267.00	24598.11	18641.21
268.00	25052.91	19318.21
269.00	25471.75	19993.35
270.00	25853.39	20657.86
271.00	26196.77	21313.66
272.00	26500.99	21966.54
273.00	26765.34	22606.43
274.00	26989.31	23238.72
275.00	27172.55	23872.57
276.00	27314.92	24489.63
277.00	27416.44	25086.22
278.00	27477.34	25663.27
279.00	27498.03	26191.19
280.00	27479.08	26657.26
281.00	27421.25	27069.91
282.00	27325.46	27369.77
283.00	27192.81	27638.02
284.00	27024.57	27755.93
285.00	26822.09	27838.21
286.00	26586.95	27873.62
287.00	26320.82	27703.72
288.00	26025.49	27574.75
289.00	25702.89	27501.57
290.00	25355.01	27307.35
291.00	24983.97	26920.67
292.00	24591.96	26572.01
293.00	24181.24	26358.20
294.00	23754.15	26113.48
295.00	23312.99	25867.46
296.00	22860.17	25562.72
297.00	22398.11	25178.48
298.00	21929.23	24776.98
299.00	21455.94	24391.44
300.00	20980.59	24020.82
301.00	20505.57	23661.30
302.00	20033.18	23308.99
303.00	19565.69	22959.39
304.00	19105.31	22609.14
305.00	18654.12	22257.59
306.00	18214.17	21906.96
307.00	17787.38	21564.02
308.00	17375.58	21229.55
309.00	16980.50	20902.19
310.00	16603.70	20579.80
311.00	16246.64	20259.08
312.00	15910.65	19939.41
313.00	15596.90	19621.29
314.00	15306.44	19304.67
315.00	15040.13	18991.51
316.00	14798.71	18683.90
317.00	14582.74	18382.85
318.00	14392.65	18085.75
319.00	14228.68	17790.62
320.00	14090.95	17496.60
321.00	13979.38	17204.88
322.00	13893.78	16914.63
323.00	13833.79	16627.28
324.00	13798.89	16343.80
325.00	13788.45	16064.18
326.00	13801.67	15787.88
327.00	13837.66	15513.19
328.00	13895.37	15242.96
329.00	13973.63	14977.30
330.00	14071.23	14713.64
331.00	14186.77	14449.52
332.00	14318.83	14185.73
333.00	14465.88	13926.91
334.00	14626.30	13671.90
335.00	14798.48	13419.49
336.00	14980.69	13172.37
337.00	15171.20	12975.93
338.00	15368.25	12889.59
339.00	15570.03	12769.23
340.00	15774.80	12619.83
341.00	15980.74	12658.23
342.00	16186.11	12879.54
343.00	16389.18	13060.97
344.00	16588.24	13342.46
345.00	16781.66	13695.94
346.00	16967.85	14050.15
347.00	17145.28	14474.51
348.00	17312.53	14869.15
349.00	17468.21	15311.58
350.00	17611.10	15706.95
351.00	17740.00	16120.36
352.00	17853.88	16454.14
353.00	17951.79	16809.94
354.00	18032.90	17050.83
355.00	18096.51	17334.37
356.00	18142.05	17502.73
357.00	18169.06	17646.91
358.00	18177.24	17820.28
359.00	18166.39	17820.85
360.00	18136.46	17844.49
361.00	18087.54	17931.92
362.00	18019.83	17859.97
363.00	17933.66	17710.26
364.00	17829.52	17679.98
365.00	17707.97	17681.44
366.00	17569.73	17538.39
367.00	17415.60	17302.13
368.00	17246.52	17194.80
369.00	17063.51	17165.66
370.00	16867.67	17103.93
371.00	16660.23	16881.97
372.00	16442.45	16662.71
373.00	16215.66	16572.77
374.00	15981.32	16523.37
375.00	15740.83	16432.41
376.00	15495.73	16187.70
377.00	15247.53	15935.01
378.00	14997.77	15800.68
379.00	14748.05	15689.33
380.00	14499.88	15599.13
381.00	14254.85	15418.65
382.00	14014.47	15133.49
383.00	13780.23	14843.20
384.00	13553.61	14622.21
385.00	13335.99	14449.83
386.00	13128.74	14247.27
387.00	12933.13	14090.67
388.00	12750.35	13911.92
389.00	12581.53	13657.19
390.00	12427.68	13371.54
391.00	12289.73	13089.43
392.00	12168.48	12821.95
393.00	12064.65	12572.31
394.00	11978.81	12372.13
395.00	11911.43	12198.00
396.00	11862.84	11995.45
397.00	11833.25	11842.22
398.00	11822.74	11713.76
399.00	11831.25	11508.64
400.00	11858.60	11263.18
401.00	11904.46	11035.30
402.00	11968.39	10898.74
403.00	12049.81	10865.66
404.00	12148.00	10885.21
405.00	12262.16	10874.45
406.00	12391.32	10748.47
407.00	12534.44	10721.59
408.00	12690.36	10848.83
409.00	12857.78	10954.00
410.00	13035.39	11018.90
411.00	13221.72	11244.40
412.00	13415.25	11462.80
413.00	13614.41	11645.06
414.00	13817.51	11939.04
415.00	14022.92	12158.94
416.00	14228.86	12435.18
417.00	14433.58	12722.26
418.00	14635.31	12976.15
419.00	14832.24	13305.95
420.00	15022.63	13553.76
421.00	15204.67	13873.28
422.00	15376.65	14124.01
423.00	15536.87	14382.04
424.00	15683.65	14653.53
425.00	15815.43	14841.86
426.00	15930.67	15106.65
427.00	16027.92	15265.35
428.00	16105.85	15441.29
429.00	16163.17	15638.79
430.00	16198.77	15703.69
431.00	16211.58	15841.43
432.00	16200.70	15958.26
433.00	16165.37	15923.27
434.00	16104.92	15963.97
435.00	16018.86	16041.31
436.00	15906.83	15953.38
437.00	15768.63	15843.31
438.00	15604.20	15853.25
439.00	15413.64	15859.50
440.00	15197.22	15694.68
441.00	14955.35	15508.74
442.00	14688.61	15445.11
443.00	14397.72	15415.12
444.00	14083.58	15299.97
445.00	13747.19	15041.25
446.00	13389.78	14816.17
447.00	13012.65	14688.98
448.00	12617.23	14558.59
449.00	12205.17	14441.02
450.00	11778.12	14227.08
451.00	11337.96	13928.60
452.00	10886.60	13625.82
