0.00	0.00	-0.36
1.00	15000.00	-1.12
2.00	15749.53	-0.39
3.00	16496.25	72.50
4.00	17237.37	547.97
5.00	17970.12	1485.40
6.00	18691.76	2626.50
7.00	19399.62	3819.51
8.00	20091.09	4942.80
9.00	20763.65	5992.68
10.00	21414.85	7030.87
11.00	22042.34	8097.55
12.00	22643.91	9180.06
13.00	23217.45	10244.67
14.00	23760.99	11293.19
15.00	24272.69	12318.60
16.00	24750.90	13290.41
17.00	25194.07	14211.95
18.00	25600.86	15096.01
19.00	25970.08	15969.86
20.00	26300.72	16859.15
21.00	26591.96	17757.27
22.00	26843.14	18654.32
23.00	27053.80	19548.31
24.00	27223.66	20405.74
25.00	27352.65	21228.80
26.00	27440.84	22041.56
27.00	27488.52	22829.30
28.00	27496.16	23614.48
29.00	27464.38	24400.50
30.00	27394.02	25142.41
31.00	27286.03	25830.29
32.00	27141.59	26409.34
33.00	26961.97	26846.51
34.00	26748.62	27159.94
35.00	26503.15	27325.71
36.00	26227.25	27275.61
37.00	25922.77	27299.21
38.00	25591.66	27099.52
39.00	25235.97	26601.99
40.00	24857.82	26260.67
41.00	24459.44	25953.05
42.00	24043.10	25612.90
43.00	23611.13	25143.32
44.00	23165.89	24485.24
45.00	22709.79	23866.51
46.00	22245.24	23466.48
47.00	21774.64	23111.16
48.00	21300.40	22702.30
49.00	20824.91	22359.22
50.00	20350.50	21875.34
51.00	19879.48	21253.83
52.00	19414.08	20672.07
53.00	18956.47	20280.54
54.00	18508.74	19955.23
55.00	18072.89	19570.03
56.00	17650.82	19257.36
57.00	17244.31	18861.00
58.00	16855.04	18307.39
59.00	16484.55	17734.99
60.00	16134.25	17245.00
61.00	15805.42	16913.58
62.00	15499.20	16574.74
63.00	15216.55	16200.50
64.00	14958.32	15918.79
65.00	14725.17	15563.95
66.00	14517.64	15066.54
67.00	14336.08	14558.05
68.00	14180.70	14157.29
69.00	14051.54	13935.21
70.00	13948.51	13723.75
71.00	13871.34	13583.70
72.00	13819.62	13359.39
73.00	13792.81	12941.53
74.00	13790.21	12632.90
75.00	13811.00	12545.28
76.00	13854.21	12545.85
77.00	13918.78	12455.20
78.00	14003.52	12262.13
79.00	14107.15	12314.45
80.00	14228.26	12476.60
81.00	14365.40	12469.89
82.00	14517.00	12540.63
83.00	14681.46	12815.76
84.00	14857.12	12956.32
85.00	15042.24	13187.63
86.00	15235.08	13536.61
87.00	15433.88	13752.68
88.00	15636.83	14121.49
89.00	15842.18	14405.35
90.00	16048.13	14683.56
91.00	16252.94	15040.60
92.00	16454.88	15251.00
93.00	16652.27	15597.95
94.00	16843.49	15831.00
95.00	17026.98	16058.46
96.00	17201.23	16359.85
97.00	17364.83	16479.82
98.00	17516.47	16730.50
99.00	17654.90	16904.38
100.00	17778.99	16965.75
101.00	17887.74	17195.60
102.00	17980.23	17260.37
103.00	18055.68	17292.10
104.00	18113.44	17492.61
105.00	18152.95	17494.47
106.00	18173.83	17473.18
107.00	18175.79	17624.54
108.00	18158.69	17583.59
109.00	18122.53	17457.60
110.00	18067.42	17542.26
111.00	17993.63	17545.10
112.00	17901.52	17326.09
113.00	17791.60	17294.19
114.00	17664.50	17367.15
115.00	17520.97	17214.25
116.00	17361.84	17025.90
117.00	17188.08	17064.53
118.00	17000.75	17065.48
119.00	16800.97	16815.61
120.00	16590.00	16689.28
121.00	16369.12	16730.75
122.00	16139.70	16644.46
123.00	15903.18	16340.90
124.00	15661.01	16213.74
125.00	15414.73	16200.79
126.00	15165.85	16068.49
127.00	14915.93	15692.00
128.00	14666.55	15441.86
129.00	14419.24	15339.08
130.00	14175.56	15248.41
131.00	13937.03	14962.98
132.00	13705.12	14515.64
133.00	13481.30	14232.61
134.00	13266.93	14066.02
135.00	13063.36	13932.25
136.00	12871.81	13725.73
137.00	12693.49	13306.89
138.00	12529.46	12935.93
139.00	12380.72	12761.84
140.00	12248.15	12631.09
141.00	12132.54	12534.48
142.00	12034.54	12235.51
143.00	11954.70	11858.49
144.00	11893.44	11688.27
145.00	11851.06	11637.11
146.00	11827.71	11614.19
147.00	11823.44	11386.95
148.00	11838.15	11133.32
149.00	11871.60	11106.07
150.00	11923.43	11169.69
151.00	11993.15	11098.77
152.00	12080.15	10934.20
153.00	12183.67	11013.48
154.00	12302.85	11177.38
155.00	12436.70	11158.70
156.00	12584.14	11228.61
157.00	12743.97	11491.67
158.00	12914.88	11614.92
159.00	13095.51	11779.08
160.00	13284.36	12102.05
161.00	13479.91	12267.16
162.00	13680.55	12541.92
163.00	13884.61	12864.97
164.00	14090.37	13052.66
165.00	14296.11	13396.66
166.00	14500.04	13627.38
167.00	14700.40	13857.55
168.00	14895.39	14185.52
169.00	15083.23	14339.34
170.00	15262.17	14620.11
171.00	15430.48	14844.91
172.00	15586.48	14957.19
173.00	15728.53	15232.77
174.00	15855.05	15349.79
175.00	15964.56	15460.81
176.00	16055.63	15698.06
177.00	16126.95	15715.05
178.00	16177.28	15785.59
179.00	16205.51	15973.81
180.00	16210.66	15926.16
181.00	16191.86	15909.20
182.00	16148.37	16040.39
183.00	16079.58	15966.94
184.00	15985.06	15802.35
185.00	15864.47	15851.48
186.00	15717.68	15874.53
187.00	15544.68	15643.57
188.00	15345.61	15516.35
189.00	15120.81	15555.94
190.00	14870.72	15484.43
191.00	14595.99	15187.55
192.00	14297.38	15053.57
193.00	13975.83	15056.48
194.00	13632.43	14958.36
195.00	13268.41	14602.55
196.00	12885.12	14345.48
197.00	12484.07	14231.14
198.00	12066.91	14130.25
199.00	11635.37	13871.62
200.00	11191.32	13409.48
201.00	10736.71	12999.61
202.00	10273.62	12734.70
203.00	9804.20	12426.43
204.00	9330.65	12142.00
205.00	8855.26	11876.50
206.00	8380.35	11483.05
207.00	7908.29	11001.66
208.00	7441.49	10517.62
209.00	6982.37	10066.00
210.00	6533.31	9647.53
211.00	6096.73	9253.26
212.00	5675.00	8870.94
213.00	5270.49	8487.28
214.00	4885.48	8098.39
215.00	4522.19	7707.72
216.00	4182.80	7324.61
217.00	3869.38	6957.75
218.00	3583.92	6612.48
219.00	3328.30	6285.45
220.00	3104.25	5971.15
221.00	2913.42	5665.29
222.00	2757.30	5364.99
223.00	2637.25	5069.44
224.00	2554.45	4779.24
225.00	2509.94	4499.63
226.00	2504.60	4235.16
227.00	2539.11	3986.39
228.00	2614.00	3752.58
229.00	2729.60	3531.74
230.00	2886.09	3317.80
231.00	3083.41	3110.29
232.00	3321.37	2907.84
233.00	3599.55	2710.62
234.00	3917.37	2522.10
235.00	4274.06	2349.59
236.00	4668.68	2214.44
237.00	5100.08	2196.64
238.00	5566.98	2466.89
239.00	6067.88	2932.55
240.00	6601.19	3349.49
241.00	7165.12	3880.11
242.00	7757.74	4529.93
243.00	8376.99	5190.00
244.00	9020.66	5963.63
245.00	9686.49	6767.55
246.00	10372.05	7638.56
247.00	11074.84	8536.36
248.00	11792.27	9420.90
249.00	12521.65	10320.89
250.00	13260.34	11186.01
251.00	14005.54	12046.45
252.00	14754.46	12896.16
253.00	15504.31	13719.49
254.00	16252.24	14557.33
255.00	16995.50	15368.52
256.00	17731.30	16171.55
257.00	18456.88	16964.00
258.00	19169.55	17710.09
259.00	19866.65	18459.52
260.00	20545.68	19170.38
261.00	21204.14	19879.72
262.00	21839.65	20573.34
263.00	22449.94	21237.31
264.00	23032.87	21913.47
265.00	23586.44	22524.30
266.00	24108.77	23147.39
267.00	24598.11	23700.68
268.00	25052.91	24256.01
269.00	25471.75	24739.28
270.00	25853.39	25219.43
271.00	26196.77	25622.08
272.00	26500.99	26027.18
273.00	26765.34	26314.70
274.00	26989.31	26654.41
275.00	27172.55	26810.48
276.00	27314.92	27050.51
277.00	27416.44	27144.60
278.00	27477.34	27151.83
279.00	27498.03	27289.44
280.00	27479.08	27176.17
281.00	27421.25	27032.86
282.00	27325.46	27069.03
283.00	27192.81	26914.69
284.00	27024.57	26541.58
285.00	26822.09	26405.19
286.00	26586.95	26364.91
287.00	26320.82	26109.86
288.00	26025.49	25726.55
289.00	25702.89	25619.16
290.00	25355.01	25582.99
291.00	24983.97	25312.13
292.00	24591.96	24943.02
293.00	24181.24	24839.20
294.00	23754.15	24780.22
295.00	23312.99	24484.41
296.00	22860.17	24032.01
297.00	22398.11	23822.50
298.00	21929.23	23663.71
299.00	21455.94	23451.46
300.00	20980.59	22974.20
301.00	20505.57	22399.85
302.00	20033.18	22007.60
303.00	19565.69	21699.73
304.00	19105.31	21299.49
305.00	18654.12	20940.32
306.00	18214.17	20529.61
307.00	17787.38	19999.94
308.00	17375.58	19429.09
309.00	16980.50	18888.31
310.00	16603.70	18380.86
311.00	16246.64	17900.69
312.00	15910.65	17474.50
313.00	15596.90	17076.55
314.00	15306.44	16600.64
315.00	15040.13	16098.00
316.00	14798.71	15661.82
317.00	14582.74	15341.11
318.00	14392.65	14989.92
319.00	14228.68	14567.93
320.00	14090.95	14124.59
321.00	13979.38	13717.62
322.00	13893.78	13464.89
323.00	13833.79	13317.66
324.00	13798.89	13199.93
325.00	13788.45	13074.24
326.00	13801.67	12734.16
327.00	13837.66	12479.17
328.00	13895.37	12478.75
329.00	13973.63	12567.99
330.00	14071.23	12505.52
331.00	14186.77	12427.22
332.00	14318.83	12608.29
333.00	14465.88	12765.75
334.00	14626.30	12775.79
335.00	14798.48	13013.67
336.00	14980.69	13271.85
337.00	15171.20	13434.65
338.00	15368.25	13807.89
339.00	15570.03	14077.93
340.00	15774.80	14363.20
341.00	15980.74	14727.04
342.00	16186.11	14936.18
343.00	16389.18	15289.87
344.00	16588.24	15538.72
345.00	16781.66	15782.77
346.00	16967.85	16115.71
347.00	17145.28	16272.83
348.00	17312.53	16561.16
349.00	17468.21	16761.79
350.00	17611.10	16853.52
351.00	17740.00	17110.89
352.00	17853.88	17188.69
353.00	17951.79	17256.10
354.00	18032.90	17471.75
355.00	18096.51	17470.14
356.00	18142.05	17488.17
357.00	18169.06	17661.72
358.00	18177.24	17611.57
359.00	18166.39	17522.77
360.00	18136.46	17641.80
361.00	18087.54	17631.13
362.00	18019.83	17442.31
363.00	17933.66	17469.23
364.00	17829.52	17540.07
365.00	17707.97	17351.59
366.00	17569.73	17214.06
367.00	17415.60	17281.40
368.00	17246.52	17242.25
369.00	17063.51	16982.91
370.00	16867.67	16913.32
371.00	16660.23	16970.03
372.00	16442.45	16836.64
373.00	16215.66	16546.58
374.00	15981.32	16474.32
375.00	15740.83	16484.11
376.00	15495.73	16308.02
377.00	15247.53	15938.99
378.00	14997.77	15760.47
379.00	14748.05	15688.12
380.00	14499.88	15588.13
381.00	14254.85	15234.02
382.00	14014.47	14842.44
383.00	13780.23	14659.35
384.00	13553.61	14518.20
385.00	13335.99	14397.40
386.00	13128.74	14069.16
387.00	12933.13	13627.07
388.00	12750.35	13351.56
389.00	12581.53	13191.23
390.00	12427.68	13065.43
391.00	12289.73	12906.45
392.00	12168.48	12522.60
393.00	12064.65	12144.36
394.00	11978.81	11977.88
395.00	11911.43	11892.11
396.00	11862.84	11850.37
397.00	11833.25	11613.78
398.00	11822.74	11306.01
399.00	11831.25	11222.57
400.00	11858.60	11255.47