0.00	0.00	-0.40
1.00	15000.00	0.21
2.00	15749.53	0.80
3.00	16496.25	27.08
4.00	17237.37	331.41
5.00	17970.12	1318.60
6.00	18691.76	2619.75
7.00	19399.62	3881.41
8.00	20091.09	5045.07
9.00	20763.65	6164.28
10.00	21414.85	7256.60
11.00	22042.34	8334.11
12.00	22643.91	9399.44
13.00	23217.45	10429.76
14.00	23760.99	11402.98
15.00	24272.69	12353.62
16.00	24750.90	13310.92
17.00	25194.07	14224.36
18.00	25600.86	15096.03
19.00	25970.08	15955.52
20.00	26300.72	16812.94
21.00	26591.96	17695.73
22.00	26843.14	18580.01
23.00	27053.80	19440.96
24.00	27223.66	20300.67
25.00	27352.65	21131.19
26.00	27440.84	21933.41
27.00	27488.52	22726.93
28.00	27496.16	23490.62
29.00	27464.38	24260.01
30.00	27394.02	25005.24
31.00	27286.03	25678.40
32.00	27141.59	26289.99
33.00	26961.97	26724.00
34.00	26748.62	27098.92
35.00	26503.15	27215.50
36.00	26227.25	27287.66
37.00	25922.77	27323.43
38.00	25591.66	26973.58
39.00	25235.97	26606.55
40.00	24857.82	26404.48
41.00	24459.44	26177.39
42.00	24043.10	25796.91
43.00	23611.13	25159.22
44.00	23165.89	24488.60
45.00	22709.79	23941.15
46.00	22245.24	23595.52
47.00	21774.64	23227.54
48.00	21300.40	22841.57
49.00	20824.91	22502.50
50.00	20350.50	22012.81
51.00	19879.48	21401.59
52.00	19414.08	20802.54
53.00	18956.47	20255.27
54.00	18508.74	19806.66
55.00	18072.89	19514.73
56.00	17650.82	19182.25
57.00	17244.31	18801.55
58.00	16855.04	18473.65
59.00	16484.55	18038.44
60.00	16134.25	17498.46
61.00	15805.42	16965.10
62.00	15499.20	16490.05
63.00	15216.55	16053.60
64.00	14958.32	15651.24
65.00	14725.17	15346.73
66.00	14517.64	15043.96
67.00	14336.08	14683.95
68.00	14180.70	14426.17
69.00	14051.54	14136.53
70.00	13948.51	13711.07
71.00	13871.34	13278.68
72.00	13819.62	12953.05
73.00	13792.81	12842.79
74.00	13790.21	12810.47
75.00	13811.00	12798.00
76.00	13854.21	12539.29
77.00	13918.78	12232.69
78.00	14003.52	12205.90
79.00	14107.15	12337.05
80.00	14228.26	12341.27
81.00	14365.40	12299.16
82.00	14517.00	12535.35
83.00	14681.46	12772.73
84.00	14857.12	12855.08
85.00	15042.24	13141.42
86.00	15235.08	13398.53
87.00	15433.88	13577.25
88.00	15636.83	13964.48
89.00	15842.18	14238.45
90.00	16048.13	14572.64
91.00	16252.94	14961.98
92.00	16454.88	15192.03
93.00	16652.27	15560.03
94.00	16843.49	15791.65
95.00	17026.98	16020.06
96.00	17201.23	16342.66
97.00	17364.83	16469.60
98.00	17516.47	16727.91
99.00	17654.90	16958.36
100.00	17778.99	17001.93
101.00	17887.74	17216.84
102.00	17980.23	17340.77
103.00	18055.68	17290.44
104.00	18113.44	17449.69
105.00	18152.95	17564.71
106.00	18173.83	17460.48
107.00	18175.79	17542.30
108.00	18158.69	17677.30
109.00	18122.53	17530.76
110.00	18067.42	17431.86
111.00	17993.63	17535.95
112.00	17901.52	17503.46
113.00	17791.60	17258.13
114.00	17664.50	17220.03
115.00	17520.97	17309.05
116.00	17361.84	17187.13
117.00	17188.08	16934.05
118.00	17000.75	16922.86
119.00	16800.97	16989.00
120.00	16590.00	16803.92
121.00	16369.12	16512.92
122.00	16139.70	16463.75
123.00	15903.18	16501.05
124.00	15661.01	16333.03
125.00	15414.73	15964.40
126.00	15165.85	15783.30
127.00	14915.93	15728.67
128.00	14666.55	15659.98
129.00	14419.24	15337.01
130.00	14175.56	14915.16
131.00	13937.03	14693.31
132.00	13705.12	14571.57
133.00	13481.30	14487.89
134.00	13266.93	14253.33
135.00	13063.36	13813.18
136.00	12871.81	13426.84
137.00	12693.49	13240.97
138.00	12529.46	13102.33
139.00	12380.72	13027.70
140.00	12248.15	12788.46
141.00	12132.54	12367.73
142.00	12034.54	12030.42
143.00	11954.70	11901.27
144.00	11893.44	11838.47
145.00	11851.06	11804.08
146.00	11827.71	11545.27
147.00	11823.44	11223.13
148.00	11838.15	11122.70
149.00	11871.60	11160.60
150.00	11923.43	11183.65
151.00	11993.15	10978.11
152.00	12080.15	10852.11
153.00	12183.67	10974.40
154.00	12302.85	11117.47
155.00	12436.70	11058.15
156.00	12584.14	11135.75
157.00	12743.97	11414.81
158.00	12914.88	11540.39
159.00	13095.51	11680.72
160.00	13284.36	12021.10
161.00	13479.91	12210.44
162.00	13680.55	12444.15
163.00	13884.61	12809.67
164.00	14090.37	12999.21
165.00	14296.11	13311.20
166.00	14500.04	13621.85
167.00	14700.40	13797.02
168.00	14895.39	14143.20
169.00	15083.23	14351.84
170.00	15262.17	14524.84
171.00	15430.48	14843.34
172.00	15586.48	14963.93
173.00	15728.53	15142.49
174.00	15855.05	15410.68
175.00	15964.56	15457.23
176.00	16055.63	15608.82
177.00	16126.95	15825.44
178.00	16177.28	15798.45
179.00	16205.51	15879.26
180.00	16210.66	16071.66
181.00	16191.86	16005.59
182.00	16148.37	15940.24
183.00	16079.58	16067.65
184.00	15985.06	16054.46
185.00	15864.47	15807.57
186.00	15717.68	15745.56
187.00	15544.68	15819.97
188.00	15345.61	15721.73
189.00	15120.81	15420.85
190.00	14870.72	15315.94
191.00	14595.99	15348.15
192.00	14297.38	15269.16
193.00	13975.83	14924.55
194.00	13632.43	14683.78
195.00	13268.41	14624.90
196.00	12885.12	14592.41
197.00	12484.07	14359.60
198.00	12066.91	13920.48
199.00	11635.37	13573.92
200.00	11191.32	13383.38
201.00	10736.71	13177.47
202.00	10273.62	13013.44
203.00	9804.20	12713.11
204.00	9330.65	12255.39
205.00	8855.26	11782.15
206.00	8380.35	11339.75
207.00	7908.29	10923.44
208.00	7441.49	10530.00
209.00	6982.37	10152.32
210.00	6533.31	9777.36
211.00	6096.73	9397.21
212.00	5675.00	9014.62
213.00	5270.49	8636.65
214.00	4885.48	8271.23
215.00	4522.19	7923.73
216.00	4182.80	7595.51
217.00	3869.38	7280.78
218.00	3583.92	6975.23
219.00	3328.30	6671.24
220.00	3104.25	6363.94
221.00	2913.42	6054.63
222.00	2757.30	5750.50
223.00	2637.25	5458.50
224.00	2554.45	5183.02
225.00	2509.94	4922.70
226.00	2504.60	4674.97
227.00	2539.11	4434.32
228.00	2614.00	4198.11
229.00	2729.60	3966.56
230.00	2886.09	3738.88
231.00	3083.41	3518.75
232.00	3321.37	3309.94
233.00	3599.55	3114.36
234.00	3917.37	2931.32
235.00	4274.06	2756.59
236.00	4668.68	2588.13
237.00	5100.08	2439.95
238.00	5566.98	2433.75
239.00	6067.88	2681.46
240.00	6601.19	3085.85
241.00	7165.12	3461.62
242.00	7757.74	3963.51
243.00	8376.99	4623.34
244.00	9020.66	5284.04
245.00	9686.49	6079.70
246.00	10372.05	6887.11
247.00	11074.84	7772.18
248.00	11792.27	8664.40
249.00	12521.65	9573.05
250.00	13260.34	10492.40
251.00	14005.54	11391.90
252.00	14754.46	12316.03
253.00	15504.31	13228.40
254.00	16252.24	14139.04
255.00	16995.50	15054.49
256.00	17731.30	15945.10
257.00	18456.88	16833.08
258.00	19169.55	17690.73
259.00	19866.65	18509.90
260.00	20545.68	19322.42
261.00	21204.14	20079.13
262.00	21839.65	20822.56
263.00	22449.94	21519.27
264.00	23032.87	22179.67
265.00	23586.44	22813.91
266.00	24108.77	23388.33
267.00	24598.11	23959.12
268.00	25052.91	24441.58
269.00	25471.75	24929.30
270.00	25853.39	25322.29
271.00	26196.77	25712.00
272.00	26500.99	26055.50
273.00	26765.34	26323.20
274.00	26989.31	26644.94
275.00	27172.55	26773.38
276.00	27314.92	27010.54
277.00	27416.44	27129.20
278.00	27477.34	27102.96
279.00	27498.03	27254.19
280.00	27479.08	27233.16
281.00	27421.25	27030.96
282.00	27325.46	27044.82
283.00	27192.81	27045.79
284.00	27024.57	26724.18
285.00	26822.09	26431.36
286.00	26586.95	26395.39
287.00	26320.82	26341.77
288.00	26025.49	25994.62
289.00	25702.89	25625.19
290.00	25355.01	25545.38
291.00	24983.97	25511.51
292.00	24591.96	25249.10
293.00	24181.24	24798.74
294.00	23754.15	24602.79
295.00	23312.99	24535.66
296.00	22860.17	24402.67
297.00	22398.11	23968.32
298.00	21929.23	23446.08
299.00	21455.94	23172.00
300.00	20980.59	22960.10
301.00	20505.57	22710.25
302.00	20033.18	22409.67
303.00	19565.69	21909.39
304.00	19105.31	21330.65
305.00	18654.12	20781.36
306.00	18214.17	20272.62
307.00	17787.38	19843.49
308.00	17375.58	19481.24
309.00	16980.50	19036.31
310.00	16603.70	18530.37
311.00	16246.64	18024.61
312.00	15910.65	17556.37
313.00	15596.90	17166.79
314.00	15306.44	16750.32
315.00	15040.13	16291.41
316.00	14798.71	15844.81
317.00	14582.74	15403.65
318.00	14392.65	14965.00
319.00	14228.68	14534.02
320.00	14090.95	14113.07
321.00	13979.38	13775.45
322.00	13893.78	13575.49
323.00	13833.79	13371.69
324.00	13798.89	13245.75
325.00	13788.45	13083.32
326.00	13801.67	12724.45
327.00	13837.66	12417.80
328.00	13895.37	12380.31
329.00	13973.63	12476.34
330.00	14071.23	12516.01
331.00	14186.77	12359.86
332.00	14318.83	12399.95
333.00	14465.88	12634.34
334.00	14626.30	12726.65
335.00	14798.48	12829.92
336.00	14980.69	13176.69
337.00	15171.20	13409.67
338.00	15368.25	13671.44
339.00	15570.03	14080.87
340.00	15774.80	14323.26
341.00	15980.74	14684.05
342.00	16186.11	15015.73
343.00	16389.18	15252.80
344.00	16588.24	15639.30
345.00	16781.66	15853.61
346.00	16967.85	16120.46
347.00	17145.28	16429.31
348.00	17312.53	16529.32
349.00	17468.21	16780.09
350.00	17611.10	16984.17
351.00	17740.00	17006.11
352.00	17853.88	17217.69
353.00	17951.79	17369.47
354.00	18032.90	17325.27
355.00	18096.51	17479.42
356.00	18142.05	17630.15
357.00	18169.06	17529.83
358.00	18177.24	17575.41
359.00	18166.39	17735.17
360.00	18136.46	17641.40
361.00	18087.54	17524.31
362.00	18019.83	17632.06
363.00	17933.66	17661.88
364.00	17829.52	17424.58
365.00	17707.97	17333.81
366.00	17569.73	17422.91
367.00	17415.60	17377.76
368.00	17246.52	17096.33
369.00	17063.51	17001.27
370.00	16867.67	17063.62
371.00	16660.23	16998.78
372.00	16442.45	16684.00
373.00	16215.66	16526.27
374.00	15981.32	16538.69
375.00	15740.83	16507.48
376.00	15495.73	16194.19
377.00	15247.53	15862.90
378.00	14997.77	15762.84
379.00	14748.05	15720.10
380.00	14499.88	15599.42
381.00	14254.85	15210.85
382.00	14014.47	14812.57
383.00	13780.23	14630.80
384.00	13553.61	14500.82
385.00	13335.99	14405.93
386.00	13128.74	14158.04
387.00	12933.13	13718.65
388.00	12750.35	13319.70
389.00	12581.53	13121.66
390.00	12427.68	12975.38
391.00	12289.73	12883.64
392.00	12168.48	12717.59
393.00	12064.65	12334.35
394.00	11978.81	11954.20
395.00	11911.43	11782.00
396.00	11862.84	11712.50
397.00	11833.25	11702.95
398.00	11822.74	11552.41
399.00	11831.25	11229.77
400.00	11858.60	11070.50
