0.00	0.00	1.25
1.00	15000.00	-2.24
2.00	15749.53	-1.26
3.00	16496.25	192.98
4.00	17237.37	2031.30
5.00	17970.12	6310.38
6.00	18691.76	10151.32
7.00	19399.62	12898.67
8.00	20091.09	14859.15
9.00	20763.65	16460.88
10.00	21414.85	18231.28
11.00	22042.34	20508.96
12.00	22643.91	22872.39
13.00	23217.45	25106.08
14.00	23760.99	26120.67
15.00	24272.69	26838.02
16.00	24750.90	26281.97
17.00	25194.07	26265.70
18.00	25600.86	26696.89
19.00	25970.08	26226.84
20.00	26300.72	26247.35
21.00	26591.96	26640.08
22.00	26843.14	26281.48
23.00	27053.80	24418.50
24.00	27223.66	22882.14
25.00	27352.65	22704.86
26.00	27440.84	23249.53
27.00	27488.52	23536.46
28.00	27496.16	23686.21
29.00	27464.38	24589.40
30.00	27394.02	24513.66
31.00	27286.03	24184.04
32.00	27141.59	24753.23
33.00	26961.97	24715.92
34.00	26748.62	24756.08
35.00	26503.15	25647.56
36.00	26227.25	25720.06
37.00	25922.77	24356.53
38.00	25591.66	23431.62
39.00	25235.97	22923.91
40.00	24857.82	22839.61
41.00	24459.44	22218.23
42.00	24043.10	21634.17
43.00	23611.13	22111.89
44.00	23165.89	22535.57
45.00	22709.79	21715.00
46.00	22245.24	20942.94
47.00	21774.64	20968.06
48.00	21300.40	21003.32
49.00	20824.91	20174.91
50.00	20350.50	19721.70
51.00	19879.48	19857.90
52.00	19414.08	19815.27
53.00	18956.47	18796.41
54.00	18508.74	17068.51
55.00	18072.89	16155.43
56.00	17650.82	16137.52
57.00	17244.31	16608.81
58.00	16855.04	16681.06
59.00	16484.55	15780.43
60.00	16134.25	15290.21
61.00	15805.42	15014.03
62.00	15499.20	14611.80
63.00	15216.55	13629.44
64.00	14958.32	13346.48
65.00	14725.17	13884.91
66.00	14517.64	14443.73
67.00	14336.08	13834.63
68.00	14180.70	12659.86
69.00	14051.54	12097.77
70.00	13948.51	12005.26
71.00	13871.34	12117.16
72.00	13819.62	11752.05
73.00	13792.81	12011.90
74.00	13790.21	12685.65
75.00	13811.00	12651.20
76.00	13854.21	11662.45
77.00	13918.78	11347.54
78.00	14003.52	11710.99
79.00	14107.15	11984.91
80.00	14228.26	12031.07
81.00	14365.40	12863.31
82.00	14517.00	13502.11
83.00	14681.46	12939.97
84.00	14857.12	12728.28
85.00	15042.24	13110.93
86.00	15235.08	13076.54
87.00	15433.88	13174.02
88.00	15636.83	14317.10
89.00	15842.18	15048.08
90.00	16048.13	14932.85
91.00	16252.94	15290.54
92.00	16454.88	15167.16
93.00	16652.27	14342.43
94.00	16843.49	14647.55
95.00	17026.98	15734.62
96.00	17201.23	16162.99
97.00	17364.83	16520.37
98.00	17516.47	17090.50
99.00	17654.90	16432.25
100.00	17778.99	15560.67
101.00	17887.74	15832.50
102.00	17980.23	16488.26
103.00	18055.68	16605.72
104.00	18113.44	17280.88
105.00	18152.95	18001.50
106.00	18173.83	17248.86
107.00	18175.79	16367.37
108.00	18158.69	16288.92
109.00	18122.53	16499.42
110.00	18067.42	16212.06
111.00	17993.63	16551.10
112.00	17901.52	17428.82
113.00	17791.60	17340.98
114.00	17664.50	16280.96
115.00	17520.97	15918.04
116.00	17361.84	16058.47
117.00	17188.08	15854.45
118.00	17000.75	15787.90
119.00	16800.97	16636.84
120.00	16590.00	17160.29
121.00	16369.12	16251.88
122.00	16139.70	15400.08
123.00	15903.18	15072.78
124.00	15661.01	15076.38
125.00	15414.73	14572.04
126.00	15165.85	14351.39
127.00	14915.93	14921.03
128.00	14666.55	15326.14
129.00	14419.24	14454.99
130.00	14175.56	13228.34
131.00	13937.03	12847.99
132.00	13705.12	13108.40
133.00	13481.30	13342.44
134.00	13266.93	13051.39
135.00	13063.36	13283.39
136.00	12871.81	13513.74
137.00	12693.49	12846.93
138.00	12529.46	11397.58
139.00	12380.72	10821.61
140.00	12248.15	11159.06
141.00	12132.54	12016.32
142.00	12034.54	12111.07
143.00	11954.70	11741.85
144.00	11893.44	11592.64
145.00	11851.06	11312.54
146.00	11827.71	10346.47
147.00	11823.44	9722.11
148.00	11838.15	10388.45
149.00	11871.60	11582.16
150.00	11923.43	11958.19
151.00	11993.15	11512.36
152.00	12080.15	11257.53
153.00	12183.67	10965.87
154.00	12302.85	10169.55
155.00	12436.70	10050.30
156.00	12584.14	11290.85
157.00	12743.97	12652.33
158.00	12914.88	12900.11
159.00	13095.51	13096.78
160.00	13284.36	12898.37
161.00	13479.91	11716.98
162.00	13680.55	11413.92
163.00	13884.61	12546.76
164.00	14090.37	13826.58
165.00	14296.11	14373.21
166.00	14500.04	15052.65
167.00	14700.40	14735.75
168.00	14895.39	13157.89
169.00	15083.23	12603.55
170.00	15262.17	13353.61
171.00	15430.48	14393.80
172.00	15586.48	15096.42
173.00	15728.53	16201.16
174.00	15855.05	16167.10
175.00	15964.56	14819.37
176.00	16055.63	14284.23
177.00	16126.95	14609.09
178.00	16177.28	14928.65
179.00	16205.51	15652.10
180.00	16210.66	17069.62
181.00	16191.86	17218.45
182.00	16148.37	15948.62
183.00	16079.58	15075.21
184.00	15985.06	14691.00
185.00	15864.47	14498.28
186.00	15717.68	14368.16
187.00	15544.68	15339.50
188.00	15345.61	16448.79
189.00	15120.81	16007.20
190.00	14870.72	14645.53
191.00	14595.99	13995.81
192.00	14297.38	14033.80
193.00	13975.83	13966.40
194.00	13632.43	14174.77
195.00	13268.41	15178.21
196.00	12885.12	15622.46
197.00	12484.07	14296.32
198.00	12066.91	12608.43
199.00	11635.37	12098.40
200.00	11191.32	12476.60
201.00	10736.71	13107.02
202.00	10273.62	12815.02
203.00	9804.20	12511.95
204.00	9330.65	11936.65
205.00	8855.26	11165.53
206.00	8380.35	10133.80
207.00	7908.29	8946.96
208.00	7441.49	8223.65
209.00	6982.37	7858.21
210.00	6533.31	7627.59
211.00	6096.73	7654.85
212.00	5675.00	7294.91
213.00	5270.49	6818.88
214.00	4885.48	6045.07
215.00	4522.19	5078.90
216.00	4182.80	4620.25
217.00	3869.38	4694.79
218.00	3583.92	5305.36
219.00	3328.30	5599.01
220.00	3104.25	5534.64
221.00	2913.42	4599.90
222.00	2757.30	3388.51
223.00	2637.25	2732.52
224.00	2554.45	2817.64
225.00	2509.94	3558.37
226.00	2504.60	4118.10
227.00	2539.11	4325.87
228.00	2614.00	3707.11
229.00	2729.60	2530.44
230.00	2886.09	1784.81
231.00	3083.41	1968.39
232.00	3321.37	2946.62
233.00	3599.55	4073.23
234.00	3917.37	4687.11
235.00	4274.06	4014.40
236.00	4668.68	3401.84
237.00	5100.08	3337.76
238.00	5566.98	3933.16
239.00	6067.88	4648.90
240.00	6601.19	5538.70
241.00	7165.12	7011.56
242.00	7757.74	7707.79
243.00	8376.99	7571.09
244.00	9020.66	8023.66
245.00	9686.49	8321.70
246.00	10372.05	8729.89
247.00	11074.84	10383.83
248.00	11792.27	11694.04
249.00	12521.65	12793.29
250.00	13260.34	13817.51
251.00	14005.54	13599.15
252.00	14754.46	14077.52
253.00	15504.31	14580.44
254.00	16252.24	15152.86
255.00	16995.50	16950.03
256.00	17731.30	18063.66
257.00	18456.88	19222.59
258.00	19169.55	19962.99
259.00	19866.65	19845.94
260.00	20545.68	20586.82
261.00	21204.14	20809.15
262.00	21839.65	21638.03
263.00	22449.94	23168.23
264.00	23032.87	23619.14
265.00	23586.44	24418.84
266.00	24108.77	24690.57
267.00	24598.11	24050.97
268.00	25052.91	24552.55
269.00	25471.75	25143.21
270.00	25853.39	25259.42
271.00	26196.77	26426.00
272.00	26500.99	27082.04
273.00	26765.34	26473.22
274.00	26989.31	26571.18
275.00	27172.55	26654.69
276.00	27314.92	25853.37
277.00	27416.44	25900.26
278.00	27477.34	26993.09
279.00	27498.03	27310.14
280.00	27479.08	26686.45
281.00	27421.25	26658.11
282.00	27325.46	26514.96
283.00	27192.81	25431.91
284.00	27024.57	24656.02
285.00	26822.09	25391.61
286.00	26586.95	26333.56
287.00	26320.82	26047.26
288.00	26025.49	25559.71
289.00	25702.89	25492.14
290.00	25355.01	24990.55
291.00	24983.97	23771.05
292.00	24591.96	23714.09
293.00	24181.24	24710.09
294.00	23754.15	25231.19
295.00	23312.99	24266.83
296.00	22860.17	23627.33
297.00	22398.11	23416.60
298.00	21929.23	22967.84
299.00	21455.94	21739.72
300.00	20980.59	21103.87
301.00	20505.57	21527.53
302.00	20033.18	21786.88
303.00	19565.69	21339.27
304.00	19105.31	19426.51
305.00	18654.12	17606.38
306.00	18214.17	17044.32
307.00	17787.38	17274.98
308.00	17375.58	18118.24
309.00	16980.50	18025.34
310.00	16603.70	17115.15
311.00	16246.64	16493.66
312.00	15910.65	15870.28
313.00	15596.90	15287.99
314.00	15306.44	14387.35
315.00	15040.13	14281.55
316.00	14798.71	15160.41
317.00	14582.74	15856.00
318.00	14392.65	15099.81
319.00	14228.68	13493.36
320.00	14090.95	12697.53
321.00	13979.38	12597.23
322.00	13893.78	13228.48
323.00	13833.79	13305.40
324.00	13798.89	13580.39
325.00	13788.45	14077.90
326.00	13801.67	13724.95
327.00	13837.66	12198.79
328.00	13895.37	11425.27
329.00	13973.63	11880.22
330.00	14071.23	12995.94
331.00	14186.77	13487.39
332.00	14318.83	13914.07
333.00	14465.88	14376.99
334.00	14626.30	13596.58
335.00	14798.48	12519.00
336.00	14980.69	12859.60
337.00	15171.20	14001.95
338.00	15368.25	14685.23
339.00	15570.03	15646.86
340.00	15774.80	16438.16
341.00	15980.74	15517.68
342.00	16186.11	14625.44
343.00	16389.18	14728.38
344.00	16588.24	15200.05
345.00	16781.66	15533.25
346.00	16967.85	16866.26
347.00	17145.28	17931.11
348.00	17312.53	17347.31
349.00	17468.21	16919.32
350.00	17611.10	16770.58
351.00	17740.00	16155.74
352.00	17853.88	16117.40
353.00	17951.79	17537.49
354.00	18032.90	18756.99
355.00	18096.51	18529.29
356.00	18142.05	18297.01
357.00	18169.06	17839.00
358.00	18177.24	16561.57
359.00	18166.39	15737.09
360.00	18136.46	16652.14
361.00	18087.54	18173.67
362.00	18019.83	18606.62
363.00	17933.66	18391.24
364.00	17829.52	18292.31
365.00	17707.97	17284.74
366.00	17569.73	15948.76
367.00	17415.60	16254.92
368.00	17246.52	17618.72
369.00	17063.51	18472.64
370.00	16867.67	18193.86
371.00	16660.23	18176.43
372.00	16442.45	17818.21
373.00	16215.66	16447.21
374.00	15981.32	15871.34
375.00	15740.83	16560.57
376.00	15495.73	17513.87
377.00	15247.53	17203.58
378.00	14997.77	16039.27
379.00	14748.05	15151.58
380.00	14499.88	14202.89
381.00	14254.85	13880.93
382.00	14014.47	13357.22
383.00	13780.23	12841.20
384.00	13553.61	13271.85
385.00	13335.99	14108.64
386.00	13128.74	14137.13
387.00	12933.13	12911.95
388.00	12750.35	12203.98
389.00	12581.53	12121.30
390.00	12427.68	12474.95
391.00	12289.73	12260.70
392.00	12168.48	12294.70
393.00	12064.65	12729.85
394.00	11978.81	12778.25
395.00	11911.43	11638.15
396.00	11862.84	10239.46
397.00	11833.25	10043.77
398.00	11822.74	10732.16
399.00	11831.25	11740.14
400.00	11858.60	11797.96
