6.4
1373	6.8
1374	6.1
1375	5.7
1376	7.2
1377	10.2
1378	12.4
1379	10.8
1380	7.8
1381	6.3
1382	5.0
1383	5.1
1384	6.0
1385	6.4
1386	7.4
1387	8.4
1388	7.8
1389	6.0
1390	5.0
1391	4.7
1392	5.0
1393	5.1
1394	6.2
1395	7.4
1396	7.7
1397	6.4
1398	4.7
1399	4.7
1400	5.4
1401	5.3
1402	4.5
1403	3.5
1404	4.2
1405	5.4
1406	5.1
1407	3.8
1408	2.8
1409	3.5
1410	5.4
1411	5.8
1412	5.4
1413	4.6
1414	3.6
1415	3.3
1416	3.9
1417	3.9
1418	4.5
1419	5.9
1420	6.7
1421	5.5
1422	3.4
1423	2.5
1424	2.9
1425	3.6
1426	4.2
1427	5.1
1428	5.1
1429	4.9
1430	5.0
1431	4.4
1432	3.8
1433	4.7
1434	5.0
1435	4.4
1436	3.6
1437	3.2
1438	2.7
1439	2.6
1440	3.1
1441	3.3
1442	3.1
1443	3.0
1444	2.1
1445	1.7
1446	1.7
1447	2.3
1448	3.1
1449	4.2
1450	4.1
1451	3.0
1452	1.9
1453	1.0
1454	0.6
1455	1.2
1456	1.2
1457	2.3
1458	4.0
1459	4.6
1460	4.1
1461	3.2
1462	1.9
1463	1.0
1464	0.1
1465	0.7
1466	2.0
1467	3.2
1468	3.7
1469	3.0
1470	0.6
1471	-0.1
1472	2.0
1473	2.7
1474	1.6
1475	0.5
1476	0.2
1477	1.3
1478	2.1
1479	2.8
1480	3.1
1481	2.2
1482	1.6
1483	1.9
1484	1.1
1485	0.3
1486	0.0
1487	0.6
1488	1.5
1489	2.1
1490	1.8
1491	1.2
1492	0.9
1493	0.9
1494	1.0
1495	1.4
1496	2.5
1497	2.8
1498	1.4
1499	0.8
1500	1.2
1501	1.4
1502	2.1
1503	1.7
1504	1.7
1505	1.6
1506	1.0
1507	0.6
1508	0.6
1509	0.5
1510	0.7
1511	1.1
1512	0.5
1513	-0.4
1514	-0.3
1515	0.6
1516	1.0
1517	1.0
1518	0.9
1519	0.7
1520	0.8
1521	0.5
1522	0.7
1523	0.4
1524	0.3
1525	1.2
1526	1.2
1527	0.5
1528	0.1
1529	0.6
1530	1.5
1531	1.7
1532	1.7
1533	0.9
1534	2.0
1535	2.6
1536	1.2
1537	-0.2
1538	-0.9
1539	-0.6
1540	0.2
1541	0.7
1542	0.1
1543	-0.1
1544	0.5
1545	1.4
1546	1.5
1547	0.0
1548	-1.1
1549	-1.4
1550	-0.9
1551	0.3
1552	1.4
1553	0.8
1554	0.2
1555	0.4
1556	0.8
1557	0.2
1558	0.1
1559	-0.2
1560	0.7
1561	1.9
1562	4.2
1563	3.3
1564	1.4
1565	0.8
1566	0.3
1567	0.4
1568	0.9
1569	1.2
1570	1.1
1571	0.1
1572	-0.8
1573	-0.6
1574	-0.2
1575	0.8
1576	0.8
1577	0.4
1578	0.1
1579	-1.0
1580	-1.8
1581	-1.2
1582	-0.5
1583	0.7
1584	2.1
1585	1.3
1586	0.9
1587	0.6
1588	-0.2
1589	0.2
1590	1.3
1591	0.9
1592	0.2
1593	-0.4
1594	-0.1
1595	0.8
1596	1.2
1597	1.2
1598	1.7
1599	0.4
1600	-0.1
1601	-0.2
1602	-0.2
1603	-0.2
1604	0.6
1605	0.7
1606	0.4
1607	0.5
1608	0.7
1609	0.9
1610	-0.1
1611	-0.9
1612	0.3
1613	1.8
1614	1.4
1615	-0.1
1616	-0.8
1617	0.2
1618	1.1
1619	1.8
1620	2.0
1621	1.7
1622	0.8
1623	-0.1
1624	-0.5
1625	0.2
1626	1.5
1627	1.9
1628	0.8
1629	-0.0
1630	-1.0
1631	-1.1
1632	5.7
1633	25.3
1634	41.8
1635	57.2
1636	63.9
1637	36.1
1638	-17.3
1639	48.9
1640	267.7
1641	517.6
1642	686.9
1643	631.3
1644	494.3
1645	474.1
1646	670.9
1647	945.0
1648	1142.4
1649	1075.1
1650	904.8
1651	833.9
1652	980.2
1653	1231.2
1654	1417.5
1655	1340.0
1656	1180.7
1657	1107.0
1658	1237.7
1659	1474.5
1660	1645.5
1661	1547.1
1662	1373.5
1663	1282.6
1664	1406.3
1665	1651.4
1666	1834.6
1667	1727.1
1668	1533.5
1669	1417.2
1670	1526.0
1671	1766.0
1672	1963.0
1673	1868.6
1674	1676.9
1675	1554.9
1676	1662.4
1677	1909.4
1678	2096.9
1679	1987.0
1680	1786.5
1681	1654.4
1682	1751.1
1683	1984.9
1684	2176.8
1685	2070.1
1686	1861.6
1687	1712.3
1688	1795.3
1689	2032.7
1690	2243.3
1691	2151.1
1692	1940.8
1693	1778.6
1694	1844.2
1695	2068.5
1696	2285.1
1697	2207.1
1698	2005.0
1699	1840.1
1700	1900.7
1701	2140.1
1702	2367.9
1703	2285.6
1704	2073.8
1705	1907.7
1706	1973.8
1707	2207.2
1708	2424.7
1709	2338.3
1710	2124.0
1711	1948.4
1712	2000.6
1713	2228.8
1714	2455.4
1715	2371.5
1716	2148.3
1717	1965.3
1718	2012.9
1719	2241.2
1720	2475.9
1721	2411.3
1722	2194.7
1723	2005.7
1724	2038.2
1725	2255.2
1726	2495.2
1727	2441.2
1728	2224.9
1729	2032.4
1730	2055.5
1731	2270.6
1732	2514.4
1733	2469.0
1734	2255.7
1735	2059.7
1736	2072.1
1737	2275.7
1738	2521.8
1739	2494.6
1740	2285.0
1741	2086.2
1742	2087.0
1743	2288.4
1744	2544.1
1745	2528.4
1746	2318.7
1747	2112.2
1748	2095.0
1749	2280.1
1750	2535.9
1751	2541.6
1752	2338.6
1753	2128.6
1754	2096.0
1755	2271.8
1756	2529.8
1757	2558.8
1758	2357.4
1759	2139.4
1760	2084.9
1761	2253.8
1762	2521.4
1763	2577.8
1764	2379.0
1765	2156.1
1766	2081.6
1767	2239.0
1768	2505.6
1769	2587.3
1770	2401.7
1771	2180.3
1772	2089.3
1773	2236.5
1774	2504.0
1775	2608.2
1776	2426.3
1777	2199.7
1778	2089.9
1779	2221.5
1780	2484.3
1781	2614.8
1782	2448.1
1783	2222.4
1784	2099.6
1785	2224.1
1786	2486.6
1787	2632.4
1788	2473.3
1789	2245.8
1790	2106.3
1791	2210.1
1792	2461.3
1793	2631.5
1794	2494.1
1795	2269.9
1796	2118.1
1797	2211.3
1798	2462.5
1799	2648.3
1800	2521.2
1801	2296.9
1802	2138.5
1803	2225.2
1804	2475.3
1805	2670.3
1806	2552.0
1807	2327.4
1808	2158.8
1809	2233.0
1810	2473.3
1811	2677.4
1812	2569.3
1813	2342.1
1814	2161.9
1815	2215.2
1816	2447.8
1817	2674.0
1818	2590.9
1819	2366.4
1820	2177.4
1821	2217.1
1822	2442.4
1823	2674.6
1824	2608.2
1825	2388.6
1826	2193.3
1827	2217.6
1828	2437.3
1829	2683.7
1830	2635.4
1831	2422.2
1832	2223.6
1833	2238.8
1834	2451.9
1835	2696.7
1836	2653.4
1837	2436.5
1838	2235.2
1839	2244.5
1840	2455.0
1841	2705.3
1842	2677.6
1843	2466.2
1844	2261.1
1845	2259.4
1846	2464.6
1847	2718.6
1848	2696.9
1849	2481.2
1850	2271.5
1851	2260.4
1852	2464.1
1853	2724.3
1854	2716.7
1855	2511.2
1856	2299.9
1857	2281.9
1858	2476.4
1859	2734.2
1860	2737.4
1861	2535.5
1862	2322.8
1863	2295.1
1864	2483.7
1865	2742.7
1866	2747.8
1867	2537.2
1868	2317.8
1869	2272.4
1870	2447.9
1871	2709.7
1872	2744.6
1873	2539.8
1874	2314.8
1875	2246.4
1876	2413.8
1877	2685.9
1878	2750.6
1879	2554.6
1880	2326.7
1881	2238.3
1882	2390.9
1883	2660.4
1884	2750.9
1885	2567.3
1886	2342.1
1887	2237.9
1888	2375.8
1889	2643.7
1890	2758.9
1891	2587.1
1892	2361.0
1893	2245.5
1894	2376.5
1895	2643.1
1896	2770.2
1897	2603.0
1898	2378.8
1899	2257.2
1900	2379.0
1901	2637.5
1902	2776.2
1903	2614.1
1904	2384.6
1905	2243.1
1906	2349.0
1907	2603.1
1908	2767.4
1909	2626.3
1910	2401.7
1911	2246.0
1912	2335.1
1913	2580.9
1914	2764.7
1915	2638.2
1916	2407.6
1917	2230.2
1918	2293.3
1919	2529.6
1920	2745.4
1921	2655.1
1922	2433.7
1923	2245.7
1924	2288.5
1925	2519.4
1926	2749.8
1927	2677.2
1928	2457.0
1929	2260.3
1930	2287.1
1931	2507.4
1932	2747.4
1933	2694.2
1934	2478.1
1935	2276.8
1936	2287.9
1937	2495.9
1938	2742.5
1939	2710.7
1940	2496.4
1941	2287.7
1942	2279.1
1943	2477.4
1944	2731.4
1945	2722.7
1946	2507.9
1947	2287.6
1948	2245.8
1949	2419.7
1950	2678.8
1951	2717.8
1952	2516.0
1953	2293.5
1954	2220.8
1955	2382.2
1956	2650.7
1957	2730.0
1958	2540.5
1959	2314.6
1960	2218.0
1961	2363.8
1962	2634.0
1963	2742.4
1964	2570.7
1965	2347.5
1966	2235.0
1967	2366.8
1968	2627.8
1969	2753.4
1970	2591.8
1971	2370.5
1972	2243.1
1973	2363.9
1974	2625.1
1975	2770.4
1976	2620.9
1977	2399.4
1978	2253.4
1979	2353.9
1980	2608.8
1981	2780.4
1982	2641.9
1983	2413.7
1984	2250.8
1985	2334.4
1986	2583.8
1987	2776.8
1988	2659.2
1989	2436.2
1990	2264.3
1991	2334.2
1992	2579.6
1993	2787.5
1994	2681.1
1995	2451.3
1996	2260.6
1997	2304.0
1998	2532.0
1999	2762.8
2000	2696.0
2001	2482.9
2002	2285.9
2003	2308.7
2004	2527.1
2005	2767.1
2006	2714.5
2007	2496.7
2008	2293.3
2009	2300.2
2010	2511.0
2011	2759.8
2012	2728.4
2013	2512.7
2014	2301.4
2015	2288.0
2016	2485.7
2017	2744.0
2018	2740.2
2019	2524.8
2020	2302.8
2021	2257.0
2022	2436.2
2023	2704.5
2024	2745.5
2025	2546.6
2026	2324.2
2027	2253.9
2028	2418.3
2029	2686.7
2030	2753.3
2031	2556.9
2032	2302.7
2033	2017.0
2034	1800.3
2035	1641.2
2036	1510.5
2037	1384.8
2038	1248.9
2039	1102.7
2040	958.0
2041	830.4
2042	729.6
2043	655.6
2044	601.0
2045	555.0
2046	506.6
2047	451.8
2048	393.0
2049	337.3
2050	291.7
2051	259.7
2052	239.6
2053	226.1
2054	214.3
2055	195.9
2056	174.1
2057	151.1
2058	130.6
2059	116.5
2060	107.8
2061	103.4
2062	100.3
2063	95.1
2064	87.1
2065	77.9
2066	69.6
2067	63.9
2068	60.1
2069	57.8
2070	56.0
2071	54.1
2072	51.9
2073	49.1
2074	45.2
2075	41.9
2076	39.9
2077	38.5
2078	38.5
2079	38.9
2080	38.1
2081	36.4
2082	34.9
2083	33.2
2084	32.3
2085	31.6
2086	30.9
2087	29.7
2088	28.4
2089	27.5
2090	26.9
2091	26.7
2092	25.5
2093	23.9
2094	24.4
2095	25.4
2096	25.6
2097	25.2
2098	23.5
2099	22.0
2100	21.4
2101	20.0
2102	20.2
2103	20.5
2104	20.7
2105	20.4
2106	20.0
2107	20.0
2108	19.6
2109	18.4
2110	17.3
2111	17.2
2112	17.7
2113	17.5
2114	17.1
2115	16.7
2116	16.3
2117	16.3
2118	16.2
2119	15.8
2120	15.5
2121	15.0
2122	14.9
2123	14.3
2124	14.2
2125	14.6
2126	14.2
2127	14.2
2128	14.0
2129	13.3
2130	13.5
2131	14.3
2132	14.2
2133	13.3
2134	13.7
2135	14.6
2136	14.2
2137	12.7
2138	11.3
2139	11.3
2140	11.3
2141	11.7
2142	12.0
2143	12.1
2144	12.3
2145	12.1
2146	11.1
2147	10.2
2148	9.8
2149	10.0
2150	10.7
2151	11.9
2152	12.1
2153	10.6
2154	9.5
2155	9.0
2156	9.4
2157	9.7
2158	9.7
2159	10.9
2160	11.3
2161	10.9
2162	9.8
2163	9.6
2164	9.1
2165	8.2
2166	8.5
2167	10.0
2168	11.5
2169	11.1
2170	10.1
2171	9.3
2172	8.6
2173	8.6
2174	9.3
2175	8.9
2176	8.1
2177	7.5
2178	7.7
2179	7.7
2180	7.5
2181	7.5
2182	7.4
2183	7.5
2184	7.4
2185	7.2
2186	7.4
2187	7.7
2188	7.8
2189	7.0
2190	6.9
2191	7.1
2192	6.5
2193	5.7
2194	6.1
2195	6.5
2196	6.5
2197	6.8
2198	6.6
2199	7.9
2200	7.8
2201	7.5
2202	8.0
2203	7.6
2204	6.4
2205	5.8
2206	6.0
2207	6.0
2208	5.6
2209	5.1
2210	5.0
2211	5.6
2212	6.7
2213	7.5
2214	8.1
2215	6.8
2216	4.8
2217	5.0
2218	5.8
2219	5.4
2220	4.6
2221	4.9
2222	5.4
2223	5.0
2224	4.6
2225	4.5
2226	5.1
2227	4.9
2228	4.7
2229	4.6
2230	4.8
2231	5.2
2232	6.0
2233	5.8
2234	4.6
2235	4.5
2236	4.4
2237	4.9
2238	5.6
2239	5.2
2240	4.9
2241	4.3
2242	3.5
2243	3.5
2244	4.7
2245	4.8
2246	3.9
2247	3.2
2248	3.1
2249	3.9
2250	4.5
2251	4.5
2252	4.1
2253	3.2
2254	3.3
2255	3.4
2256	3.5
2257	3.6
2258	3.7
2259	3.6
2260	3.8
2261	3.5
2262	4.0
2263	4.8
2264	4.8
2265	5.5
2266	5.6
2267	4.5
2268	3.6
2269	2.7
2270	2.0
2271	3.1
2272	3.7
2273	3.4
2274	3.7
2275	3.3
2276	3.0
2277	2.9
2278	3.7
2279	3.8
2280	2.9
2281	3.0
2282	2.9
2283	3.3
2284	3.2
2285	2.4
2286	2.2
2287	2.9
2288	3.8
2289	3.6
2290	3.3
2291	2.9
2292	2.3
2293	3.2
2294	4.8
2295	3.2
2296	2.8
2297	3.0
2298	3.0
2299	2.8
2300	2.4
2301	3.2
2302	4.2
2303	3.8
2304	2.9
2305	2.8
2306	2.9
2307	2.1
2308	1.9
2309	2.2
2310	3.5
2311	4.1
2312	3.1
2313	2.4
2314	2.5
2315	2.8
2316	3.8
2317	3.8
2318	3.3
2319	2.9
2320	2.4
2321	2.4
2322	2.2
2323	2.0
2324	2.6
2325	3.2
2326	2.9
2327	2.8
2328	2.2
2329	2.4
2330	2.4
2331	2.3
2332	2.2
2333	2.3
2334	2.3
2335	2.4
2336	2.2
2337	2.0
2338	2.6
2339	3.6
2340	3.5
2341	2.8
2342	2.6
2343	2.2
2344	1.8
2345	1.7
2346	1.9
2347	2.0
2348	2.2
2349	2.2
2350	2.0
2351	1.6
2352	1.6
2353	1.3
2354	1.2
2355	1.6
2356	2.3
2357	3.0
2358	3.5
2359	2.8
2360	2.3
2361	2.3
2362	2.1
2363	2.3
2364	2.3
2365	2.0
2366	1.7
2367	1.5
2368	2.8
2369	3.6
2370	3.6
2371	2.3
2372	1.6
2373	1.5
2374	1.7
2375	1.2
2376	1.7
2377	2.8
2378	3.1
2379	2.5
2380	1.9
2381	1.7
2382	1.7
2383	1.4
2384	1.4
2385	2.0
2386	2.2
2387	1.7
2388	1.6
2389	1.3
2390	1.5
2391	2.0
2392	3.1
2393	3.9
2394	3.3
2395	2.0
2396	1.0
2397	1.9
2398	2.5
2399	2.1
2400	1.5
2401	1.5
2402	1.8
2403	1.9
2404	1.9
2405	1.6
2406	1.7
2407	1.5
2408	1.9
2409	2.5
2410	2.1
2411	1.5
2412	1.6
2413	2.3
2414	2.6
2415	2.4
2416	2.7
2417	2.8
2418	3.0
2419	3.2
2420	2.8
2421	3.2
2422	3.4
2423	4.2
2424	4.5
2425	3.1
2426	1.7
2427	1.8
2428	2.5
2429	2.1
2430	1.3
2431	2.0
2432	-3.8
2433	-37.5
2434	-43.1
2435	32.0
2436	186.8
2437	334.6
2438	354.8
2439	313.1
2440	339.8
2441	533.2
2442	749.8
2443	913.2
2444	889.9
2445	805.9
2446	807.9
2447	974.7
2448	1189.6
2449	1326.5
2450	1253.3
2451	1135.9
2452	1122.6
2453	1281.8
2454	1504.8
2455	1620.5
2456	1512.1
2457	1374.0
2458	1360.1
2459	1531.7
2460	1777.1
2461	1870.0
2462	1732.5
2463	1579.4
2464	1573.7
2465	1752.2
2466	1999.3
2467	2055.0
2468	1897.1
2469	1736.7
2470	1736.1
2471	1908.0
2472	2142.7
2473	2175.8
2474	2002.6
2475	1828.7
2476	1817.0
2477	1990.1
2478	2233.8
2479	2271.4
2480	2093.6
2481	1913.5
2482	1899.3
2483	2074.5
2484	2318.7
2485	2347.9
2486	2160.1
2487	1971.8
2488	1950.1
2489	2124.7
2490	2371.2
2491	2407.5
2492	2219.4
2493	2025.3
2494	1995.0
2495	2163.1
2496	2409.1
2497	2450.9
2498	2259.9
2499	2062.9
2500	2025.2
2501	2194.6
2502	2448.6
2503	2500.8
2504	2313.3
2505	2113.2
2506	2074.1
2507	2246.3
2508	2501.2
2509	2547.8
2510	2359.7
2511	2161.1
2512	2120.3
2513	2290.1
2514	2545.3
2515	2597.5
2516	2419.9
2517	2225.3
2518	2187.6
2519	2354.2
2520	2601.5
2521	2629.2
2522	2428.0
2523	2221.6
2524	2177.1
2525	2348.3
2526	2606.4
2527	2649.4
2528	2451.2
2529	2243.1
2530	2196.6
2531	2371.8
2532	2635.4
2533	2679.6
2534	2491.5
2535	2288.1
2536	2244.9
2537	2417.6
2538	2675.2
2539	2704.2
2540	2500.5
2541	2289.3
2542	2239.3
2543	2406.2
2544	2664.2
2545	2709.6
2546	2511.8
2547	2299.9
2548	2245.6
2549	2410.6
2550	2668.1
2551	2721.6
2552	2529.4
2553	2315.2
2554	2249.2
2555	2406.7
2556	2664.3
2557	2731.6
2558	2546.1
2559	2334.4
2560	2264.1
2561	2415.9
2562	2669.5
2563	2743.1
2564	2558.0
2565	2344.2
2566	2264.9
2567	2414.9
2568	2670.1
2569	2753.7
2570	2573.4
2571	2360.8
2572	2278.5
2573	2429.8
2574	2692.5
2575	2778.8
2576	2596.4
2577	2380.2
2578	2293.6
2579	2436.7
2580	2694.4
2581	2790.2
2582	2616.2
2583	2401.9
2584	2314.3
2585	2460.4
2586	2720.2
2587	2809.1
2588	2626.8
2589	2411.0
2590	2325.9
2591	2478.6
2592	2743.7
2593	2830.2
2594	2649.6
2595	2433.3
2596	2347.5
2597	2494.5
2598	2754.6
2599	2840.7
2600	2659.9
2601	2442.7
2602	2354.8
2603	2503.3
2604	2765.1
2605	2850.9
2606	2661.1
2607	2437.4
2608	2343.1
2609	2488.7
2610	2752.1
2611	2849.1
2612	2666.9
2613	2445.7
2614	2352.8
2615	2502.0
2616	2765.9
2617	2864.6
2618	2687.5
2619	2466.7
2620	2367.8
2621	2515.3
2622	2784.8
2623	2884.7
2624	2709.4
2625	2493.2
2626	2401.8
2627	2548.5
2628	2811.6
2629	2901.5
2630	2726.8
2631	2512.9
2632	2431.0
2633	2585.5
2634	2846.3
2635	2921.1
2636	2739.0
2637	2522.6
2638	2439.1
2639	2591.9
2640	2855.9
2641	2930.3
2642	2738.1
2643	2514.5
2644	2431.9
2645	2589.5
2646	2856.2
2647	2932.2
2648	2741.3
2649	2517.3
2650	2430.1
2651	2580.8
2652	2842.9
2653	2925.0
2654	2732.5
2655	2504.2
2656	2404.5
2657	2547.4
2658	2809.6
2659	2910.3
2660	2731.6
2661	2506.4
2662	2398.1
2663	2529.9
2664	2786.8
2665	2900.6
2666	2725.6
2667	2498.3
2668	2376.8
2669	2502.0
2670	2761.6
2671	2893.9
2672	2728.2
2673	2501.2
2674	2371.6
2675	2488.6
2676	2745.2
2677	2890.6
2678	2733.9
2679	2507.4
2680	2369.0
2681	2474.5
2682	2729.0
2683	2889.6
2684	2748.3
2685	2528.8
2686	2392.4
2687	2503.5
2688	2759.1
2689	2910.2
2690	2760.7
2691	2536.0
2692	2389.5
2693	2488.5
2694	2738.5
2695	2905.2
2696	2761.5
2697	2529.6
2698	2369.5
2699	2455.4
2700	2703.2
2701	2890.8
2702	2767.3
2703	2540.4
2704	2370.9
2705	2446.7
2706	2695.1
2707	2894.9
2708	2785.4
2709	2565.1
2710	2396.3
2711	2468.5
2712	2713.4
2713	2911.7
2714	2803.6
2715	2585.9
2716	2414.9
2717	2481.6
2718	2719.8
2719	2917.3
2720	2805.8
2721	2580.1
2722	2400.9
2723	2458.0
2724	2691.8
2725	2902.8
2726	2814.1
2727	2597.8
2728	2411.4
2729	2456.4
2730	2685.0
2731	2906.2
2732	2830.5
2733	2618.3
2734	2432.2
2735	2468.7
2736	2690.1
2737	2912.0
2738	2835.3
2739	2615.8
2740	2421.5
2741	2449.0
2742	2667.4
2743	2899.0
2744	2838.3
2745	2618.2
2746	2415.3
2747	2428.5
2748	2643.8
2749	2887.6
2750	2845.7
2751	2631.9
2752	2425.9
2753	2424.4
2754	2629.3
2755	2877.2
2756	2849.3
2757	2636.6
2758	2427.5
2759	2413.2
2760	2607.3
2761	2857.9
2762	2854.5
2763	2651.8
2764	2440.0
2765	2412.8
2766	2605.6
2767	2864.4
2768	2876.6
2769	2681.6
2770	2470.9
2771	2437.5
2772	2627.5
2773	2888.0
2774	2894.6
2775	2689.6
2776	2488.1
2777	2471.5
2778	2677.3
2779	2934.7
2780	2920.8
2781	2707.2
2782	2491.4
2783	2465.0
2784	2657.1
2785	2913.5
2786	2920.9
2787	2715.5
2788	2499.0
2789	2457.5
2790	2637.7
2791	2896.5
2792	2918.7
2793	2716.2
2794	2497.7
2795	2444.8
2796	2621.8
2797	2885.8
2798	2919.6
2799	2718.3
2800	2500.6
2801	2445.7
2802	2618.0
2803	2879.4
2804	2924.5
2805	2725.6
2806	2506.2
2807	2443.0
2808	2613.7
2809	2881.5
2810	2936.4
2811	2741.6
2812	2520.1
2813	2448.8
2814	2610.6
2815	2872.6
2816	2934.4
2817	2742.5
2818	2519.8
2819	2434.8
2820	2591.9
2821	2859.6
2822	2937.4
2823	2747.9
2824	2522.5
2825	2426.7
2826	2574.6
2827	2840.9
2828	2938.2
2829	2764.0
2830	2539.9
2831	2431.9
2832	2506.0
2833	2457.3
2834	2250.5
2835	2028.4
2836	1825.7
2837	1642.6
2838	1479.0
2839	1331.4
2840	1197.3
2841	1075.1
2842	961.7
2843	857.7
2844	764.1
2845	681.2
2846	608.0
2847	544.3
2848	487.9
2849	437.3
2850	391.8
2851	350.1
2852	313.3
2853	280.5
2854	251.2
2855	226.3
2856	205.5
2857	186.9
2858	169.2
2859	154.1
2860	140.8
2861	128.2
2862	116.9
2863	106.7
2864	98.2
2865	91.8
2866	86.4
2867	80.6
2868	74.6
2869	69.8
2870	67.4
2871	62.3
2872	57.9
2873	55.2
2874	52.4
2875	50.8
2876	48.8
2877	45.7
2878	43.0
2879	41.6
2880	40.3
2881	39.5
2882	37.7
2883	35.7
2884	33.8
2885	33.6
2886	33.3
2887	32.3
2888	30.8
2889	29.7
2890	28.6
2891	28.9
2892	28.8
2893	27.4
2894	25.7
2895	25.0
2896	24.5
2897	24.3
2898	23.8
2899	22.9
2900	22.3
2901	21.9
2902	21.6
2903	21.2
2904	20.7
2905	20.6
2906	21.1
2907	20.9
2908	19.7
2909	18.8
2910	19.1
2911	18.8
2912	17.9
2913	17.1
2914	17.3
2915	17.6
2916	17.1
2917	16.4
2918	16.4
2919	16.5
2920	16.2
2921	15.5
2922	15.3
2923	15.2
2924	14.6
2925	14.1
2926	14.6
2927	14.8
2928	14.3
2929	13.6
2930	13.0
2931	13.4
2932	13.7
2933	13.6
2934	13.0
2935	14.2
2936	14.8
2937	13.8
2938	14.7
2939	13.6
2940	12.2
2941	12.4
2942	12.7
2943	12.7
2944	12.6
2945	11.5
2946	10.7
2947	10.7
2948	10.8
2949	11.1
2950	11.0
2951	10.8
2952	10.4
2953	10.5
2954	10.3
2955	9.5
2956	8.9
2957	8.8
2958	9.6
2959	10.0
2960	10.8
2961	11.6
2962	11.2
2963	9.1
2964	6.8
2965	5.8
2966	6.1
2967	7.6
2968	9.9
2969	11.7
2970	11.3
2971	8.6
2972	5.6
2973	4.2
2974	5.1
2975	7.5
2976	9.9
2977	10.7
2978	8.9
2979	6.4
2980	6.6
2981	8.0
2982	7.9
2983	5.7
2984	2.8
2985	2.0
2986	4.2
2987	6.7
2988	8.2
2989	8.5
2990	7.2
2991	5.7
2992	4.6
2993	3.6
2994	3.2
2995	4.3
2996	6.4
2997	7.5
2998	8.2
2999	7.3
3000	5.0
3001	3.8
3002	3.7
3003	4.2
3004	4.5
3005	4.2
3006	4.8
3007	5.0
3008	5.3
3009	5.0
3010	4.6
3011	4.6
3012	4.5
3013	4.8
3014	4.4
3015	4.6
3016	3.0
3017	1.5
3018	1.8
3019	2.6
3020	2.5
3021	2.6
3022	3.0
3023	4.2
3024	5.0
3025	4.2
3026	5.6
3027	5.6
3028	4.4
3029	4.6
3030	4.2
3031	3.6
3032	3.1
3033	2.8
3034	2.8
3035	2.2
3036	1.2
3037	1.5
3038	2.2
3039	2.6
3040	2.9
3041	2.5
3042	2.2
3043	2.6
3044	2.8
3045	2.2
3046	2.0
3047	2.2
3048	3.4
3049	4.1
3050	3.1
3051	1.5
3052	1.0
3053	1.6
3054	2.1
3055	1.9
3056	2.2
3057	2.3
3058	2.1
3059	1.1
3060	1.3
3061	2.4
3062	2.9
3063	2.7
3064	2.3
3065	2.2
3066	1.7
3067	1.0
3068	1.1
3069	1.5
3070	2.0
3071	2.9
3072	3.2
3073	2.9
3074	1.8
3075	1.6
3076	1.6
3077	1.1
3078	0.5
3079	0.8
3080	1.6
3081	1.3
3082	0.6
3083	0.3
3084	0.8
3085	1.7
3086	1.4
3087	1.3
3088	1.3
3089	1.4
3090	1.6
3091	1.1
3092	0.7
3093	1.0
3094	1.1
3095	1.1
3096	0.9
3097	1.0
3098	1.3
3099	1.4
3100	2.3
3101	2.2
3102	2.1
3103	2.4
3104	1.5
3105	0.8
3106	0.5
3107	0.7
3108	0.8
3109	0.5
3110	0.4
3111	0.5
3112	0.6
3113	0.5
3114	0.1
3115	-0.3
3116	0.3
3117	0.5
3118	0.1
3119	-0.3
3120	-0.5
3121	-0.3
3122	-0.2
3123	-0.2
3124	0.2
3125	-0.5
3126	-0.7
3127	-0.5
3128	0.1
3129	-0.1
3130	0.1
3131	2.0
3132	1.3
3133	0.0
3134	0.3
3135	0.2
3136	0.1
3137	0.3
3138	-0.1
3139	0.1
3140	-0.1
3141	0.1
3142	0.3
3143	-0.2
3144	0.3
3145	0.6
3146	0.2
3147	-0.2
3148	-0.3
3149	-0.6
3150	-0.5
3151	-0.1
3152	0.5
3153	1.3
3154	1.3
3155	1.2
3156	0.7
3157	-0.2
3158	-0.5
3159	-0.4
3160	0.0
3161	0.3
3162	0.5
3163	0.1
3164	-0.4
3165	0.1
3166	1.7
3167	0.7
3168	-0.8
3169	0.7
3170	0.8
3171	-1.1
3172	-1.3
3173	0.7
3174	2.2
3175	0.7
3176	-3.3
3177	-4.1
3178	-0.1
3179	2.8
3180	2.5
3181	-1.3
3182	-4.7
3183	-4.4
3184	-0.3
3185	2.8
3186	0.9
3187	-3.0
3188	-4.0
3189	-1.3
3190	1.5
3191	1.2
3192	-1.5
3193	-3.1
3194	-2.3
3195	1.2
3196	4.5
3197	1.4
3198	-2.8
3199	-3.5
3200	-1.5
3201	0.6
3202	0.2
3203	-1.8
3204	-2.7
3205	-1.4
3206	1.1
3207	1.4
3208	-0.4
3209	-2.2
3210	-2.3
3211	-1.0
3212	0.2
3213	-0.5
3214	-2.7
3215	-3.5
3216	-2.3
3217	-0.5
3218	0.2
3219	-1.3
3220	-2.3
3221	-1.5
3222	-0.7
3223	-0.1
3224	-1.2
3225	-3.1
3226	-2.8
3227	-1.5
3228	-0.4
3229	-1.3
3230	-2.5
3231	-2.0
3232	7.0
3233	51.7
3234	132.0
3235	176.5
3236	170.4
3237	122.8
3238	103.0
3239	293.4
3240	560.6
3241	767.4
3242	767.5
3243	642.9
3244	566.3
3245	726.4
3246	996.8
3247	1214.9
3248	1184.8
3249	1046.7
3250	973.0
3251	1120.7
3252	1377.8
3253	1546.9
3254	1453.1
3255	1288.9
3256	1218.4
3257	1374.9
3258	1633.8
3259	1782.5
3260	1658.2
3261	1474.2
3262	1392.5
3263	1546.8
3264	1812.6
3265	1962.3
3266	1837.6
3267	1653.1
3268	1575.9
3269	1734.9
3270	2007.1
3271	2124.2
3272	1975.3
3273	1785.0
3274	1723.6
3275	1894.8
3276	2164.0
3277	2246.0
3278	2070.4
3279	1868.4
3280	1815.1
3281	1989.4
3282	2257.4
3283	2328.1
3284	2144.3
3285	1936.8
3286	1881.6
3287	2064.2
3288	2337.0
3289	2394.5
3290	2204.2
3291	1996.3
3292	1948.3
3293	2133.2
3294	2402.8
3295	2449.6
3296	2250.1
3297	2035.8
3298	1984.1
3299	2170.8
3300	2445.6
3301	2493.5
3302	2291.8
3303	2075.3
3304	2022.1
3305	2206.9
3306	2480.0
3307	2528.2
3308	2333.6
3309	2123.1
3310	2075.9
3311	2262.8
3312	2535.2
3313	2570.1
3314	2364.0
3315	2147.1
3316	2102.0
3317	2286.6
3318	2552.3
3319	2588.5
3320	2382.6
3321	2164.8
3322	2115.4
3323	2301.6
3324	2573.6
3325	2613.7
3326	2408.7
3327	2190.1
3328	2140.9
3329	2329.7
3330	2600.7
3331	2637.0
3332	2430.9
3333	2212.7
3334	2165.0
3335	2353.0
3336	2620.7
3337	2656.3
3338	2452.6
3339	2236.6
3340	2188.2
3341	2375.8
3342	2646.2
3343	2680.1
3344	2473.3
3345	2256.5
3346	2214.0
3347	2407.9
3348	2679.3
3349	2704.6
3350	2494.4
3351	2277.3
3352	2237.3
3353	2429.5
3354	2696.2
3355	2719.1
3356	2509.9
3357	2290.5
3358	2245.0
3359	2435.5
3360	2705.4
3361	2733.2
3362	2525.9
3363	2306.0
3364	2265.3
3365	2462.5
3366	2733.3
3367	2751.6
3368	2542.8
3369	2326.5
3370	2292.8
3371	2489.6
3372	2753.7
3373	2764.1
3374	2550.7
3375	2330.6
3376	2292.3
3377	2491.5
3378	2761.0
3379	2772.5
3380	2552.0
3381	2327.8
3382	2284.4
3383	2475.6
3384	2744.6
3385	2773.0
3386	2567.4
3387	2348.4
3388	2304.7
3389	2500.5
3390	2773.8
3391	2793.7
3392	2585.8
3393	2369.9
3394	2340.3
3395	2544.3
3396	2809.5
3397	2807.0
3398	2585.5
3399	2367.9
3400	2342.9
3401	2550.6
3402	2816.7
3403	2813.9
3404	2591.6
3405	2372.2
3406	2347.0
3407	2554.3
3408	2820.5
3409	2821.8
3410	2611.5
3411	2396.6
3412	2372.9
3413	2579.9
3414	2845.3
3415	2842.8
3416	2643.1
3417	2436.1
3418	2426.9
3419	2643.9
3420	2900.3
3421	2868.9
3422	2653.6
3423	2445.4
3424	2451.2
3425	2675.9
3426	2924.3
3427	2875.4
3428	2654.3
3429	2450.3
3430	2468.0
3431	2703.2
3432	2946.9
3433	2878.9
3434	2647.1
3435	2441.6
3436	2465.1
3437	2696.8
3438	2934.2
3439	2867.4
3440	2635.7
3441	2428.6
3442	2452.6
3443	2693.5
3444	2934.8
3445	2866.9
3446	2642.0
3447	2438.8
3448	2466.5
3449	2707.9
3450	2945.9
3451	2870.8
3452	2643.3
3453	2445.7
3454	2487.5
3455	2737.8
3456	2967.2
3457	2876.9
3458	2647.6
3459	2458.2
3460	2513.6
3461	2765.8
3462	2979.9
3463	2871.6
3464	2632.8
3465	2436.7
3466	2486.8
3467	2735.1
3468	2957.4
3469	2863.1
3470	2633.8
3471	2441.5
3472	2494.7
3473	2748.6
3474	2970.9
3475	2880.1
3476	2660.5
3477	2479.1
3478	2547.3
3479	2805.6
3480	3005.0
3481	2886.6
3482	2656.9
3483	2478.9
3484	2553.4
3485	2813.5
3486	3009.1
3487	2882.3
3488	2646.2
3489	2468.2
3490	2546.0
3491	2805.3
3492	3001.2
3493	2878.9
3494	2647.4
3495	2474.9
3496	2559.7
3497	2827.3
3498	3015.6
3499	2896.0
3500	2676.2
3501	2516.8
3502	2617.4
3503	2889.3
3504	3051.3
3505	2906.7
3506	2679.3
3507	2526.0
3508	2631.0
3509	2896.3
3510	3047.8
3511	2888.1
3512	2648.4
3513	2488.7
3514	2593.1
3515	2867.7
3516	3034.0
3517	2880.6
3518	2640.9
3519	2479.8
3520	2585.0
3521	2860.0
3522	3025.8
3523	2878.5
3524	2646.4
3525	2491.9
3526	2596.2
3527	2862.6
3528	3022.2
3529	2875.2
3530	2644.9
3531	2491.9
3532	2596.4
3533	2862.6
3534	3021.4
3535	2869.3
3536	2634.4
3537	2485.3
3538	2601.3
3539	2875.2
3540	3030.7
3541	2879.4
3542	2646.5
3543	2495.6
3544	2606.5
3545	2877.3
3546	3032.1
3547	2878.3
3548	2644.5
3549	2493.1
3550	2604.9
3551	2880.7
3552	3035.6
3553	2882.6
3554	2651.1
3555	2504.2
3556	2616.7
3557	2883.9
3558	3034.0
3559	2886.7
3560	2658.8
3561	2509.9
3562	2621.4
3563	2895.4
3564	3047.9
3565	2892.9
3566	2659.9
3567	2513.7
3568	2628.0
3569	2898.2
3570	3042.9
3571	2886.5
3572	2655.4
3573	2510.7
3574	2627.2
3575	2897.1
3576	3040.8
3577	2881.9
3578	2648.9
3579	2500.8
3580	2614.1
3581	2884.8
3582	3037.0
3583	2885.1
3584	2653.2
3585	2502.9
3586	2611.8
3587	2880.0
3588	3033.5
3589	2878.9
3590	2644.9
3591	2488.8
3592	2590.4
3593	2853.8
3594	3017.0
3595	2869.1
3596	2635.2
3597	2472.9
3598	2569.9
3599	2834.9
3600	3009.0
3601	2870.4
3602	2638.5
3603	2469.0
3604	2553.9
3605	2812.5
3606	2999.8
3607	2874.0
3608	2645.0
3609	2469.2
3610	2547.8
3611	2808.4
3612	3001.6
3613	2880.2
3614	2653.3
3615	2476.9
3616	2550.6
3617	2805.0
3618	3001.8
3619	2885.3
3620	2658.3
3621	2476.6
3622	2543.1
3623	2794.2
3624	3000.5
3625	2894.6
3626	2669.6
3627	2485.1
3628	2547.8
3629	2798.8
3630	3006.4
3631	2896.3
3632	2658.0
3633	2372.8
3634	2109.3
3635	1905.4
3636	1745.0
3637	1603.5
3638	1459.8
3639	1305.2
3640	1145.0
3641	994.9
3642	867.5
3643	769.8
3644	698.9
3645	643.3
3646	589.8
3647	531.3
3648	468.8
3649	405.9
3650	349.8
3651	306.5
3652	276.0
3653	256.1
3654	240.1
3655	223.0
3656	202.7
3657	179.4
3658	156.3
3659	137.4
3660	123.6
3661	115.4
3662	110.5
3663	106.3
3664	100.1
3665	91.6
3666	81.7
3667	72.8
3668	66.8
3669	63.1
3670	61.4
3671	59.9
3672	57.9
3673	55.0
3674	51.6
3675	48.3
3676	45.6
3677	43.4
3678	42.5
3679	41.2
3680	39.7
3681	39.3
3682	38.5
3683	35.6
3684	33.2
3685	31.4
3686	30.9
3687	30.5
3688	30.0
3689	29.6
3690	29.2
3691	28.0
3692	26.9
3693	25.7
3694	24.6
3695	24.4
3696	24.4
3697	24.3
3698	24.1
3699	23.0
3700	22.3
3701	21.9
3702	21.1
3703	20.8
3704	20.8
3705	20.9
3706	21.0
3707	20.1
3708	19.4
3709	19.7
3710	21.7
3711	20.7
3712	18.5
3713	18.3
3714	17.9
3715	17.6
3716	17.5
3717	16.7
3718	16.4
3719	16.9
3720	17.8
3721	17.3
3722	15.7
3723	15.2
3724	14.6
3725	14.6
3726	14.6
3727	15.0
3728	15.9
3729	15.6
3730	14.8
3731	14.2
3732	13.8
3733	14.1
3734	14.2
3735	14.1
3736	13.6
3737	14.3
3738	14.5
3739	13.3
3740	12.2
3741	11.7
3742	12.0
3743	12.2
3744	11.5
3745	10.9
3746	11.1
3747	11.2
3748	10.7
3749	10.6
3750	10.1
3751	9.6
3752	9.9
3753	10.2
3754	10.4
3755	9.7
3756	8.9
3757	9.2
3758	10.1
3759	11.0
3760	10.5
3761	8.9
3762	8.6
3763	9.1
3764	8.8
3765	8.2
3766	8.0
3767	7.8
3768	7.3
3769	7.7
3770	7.7
3771	7.6
3772	7.5
3773	6.9
3774	6.9
3775	7.4
3776	7.8
3777	7.4
3778	7.0
3779	6.7
3780	7.5
3781	8.1
3782	7.7
3783	6.6
3784	6.5
3785	5.8
3786	5.3
3787	5.5
3788	5.6
3789	5.3
3790	4.6
3791	5.0
3792	5.4
3793	5.5
3794	5.1
3795	5.1
3796	5.1
3797	4.9
3798	4.8
3799	5.0
3800	5.2
3801	5.0
3802	4.4
3803	4.2
3804	4.5
3805	4.4
3806	4.3
3807	4.2
3808	4.5
3809	6.6
3810	8.0
3811	6.3
3812	5.3
3813	4.4
3814	3.6
3815	3.7
3816	4.0
3817	3.8
3818	3.8
3819	4.6
3820	5.1
3821	4.3
3822	3.4
3823	3.5
3824	3.5
3825	3.0
3826	3.1
3827	3.1
3828	2.9
3829	2.6
3830	2.6
3831	3.1
3832	3.8
3833	3.9
3834	2.9
3835	2.1
3836	2.6
3837	3.2
3838	3.0
3839	2.8
3840	2.2
3841	2.1
3842	1.6
3843	1.8
3844	2.4
3845	2.3
3846	2.2
3847	1.8
3848	2.1
3849	2.1
3850	3.1
3851	3.3
3852	2.7
3853	2.3
3854	2.5
3855	2.2
3856	1.6
3857	1.1
3858	1.5
3859	1.8
3860	1.5
3861	1.0
3862	1.0
3863	0.5
3864	0.2
3865	0.8
3866	0.6
3867	0.6
3868	0.5
3869	0.5
3870	0.6
3871	0.7
3872	0.6
3873	0.2
3874	0.2
3875	0.2
3876	0.1
3877	-0.2
3878	-0.1
3879	1.7
3880	3.0
3881	1.1
3882	0.4
3883	0.1
3884	0.3
3885	1.7
3886	1.4
3887	0.4
3888	-0.2
3889	0.4
3890	1.4
3891	1.1
3892	0.1
3893	-0.4
3894	-0.6
3895	-0.4
3896	-0.1
3897	-0.2
3898	-0.4
3899	-0.9
3900	-0.9
3901	-0.9
3902	-0.4
3903	-0.5
3904	-1.0
3905	-0.7
3906	-0.8
3907	-0.7
3908	-0.9
3909	-1.2
3910	-1.3
3911	-0.6
3912	-0.2
3913	-0.1
3914	-0.9
3915	-1.6
3916	-1.4
3917	-0.5
3918	1.6
3919	0.8
3920	0.2
3921	0.6
3922	0.1
3923	-0.6
3924	-1.0
3925	-0.8
3926	-0.6
3927	-0.7
3928	-0.9
3929	0.1
3930	0.5
3931	-0.1
3932	-1.0
3933	-1.4
3934	-1.3
3935	-1.5
3936	-1.4
3937	-0.3
3938	0.2
3939	-0.6
3940	-1.4
3941	-1.7
3942	-1.6
3943	-1.7
3944	-1.5
3945	-1.5
3946	-2.2
3947	-1.9
3948	-0.8
3949	0.1
3950	0.3
3951	-1.0
3952	-2.0
3953	-2.2
3954	-1.5
3955	-0.8
3956	-1.4
3957	-2.3
3958	-2.4
3959	-2.1
3960	-1.6
3961	-1.3
3962	-1.8
3963	-2.2
3964	-2.2
3965	-2.1
3966	-2.2
3967	-2.2
3968	-2.5
3969	-1.8
3970	-2.0
3971	-2.3
3972	-2.2
3973	-2.2
3974	-2.0
3975	-2.1
3976	-2.3
3977	-2.0
3978	0.1
3979	0.2
3980	-2.1
3981	-2.3
3982	-2.6
3983	-2.5
3984	-3.0
3985	-2.6
3986	-2.1
3987	-1.6
3988	-1.2
3989	-1.2
3990	-0.8
3991	-0.4
3992	-0.9
3993	-1.8
3994	-2.6
3995	-2.7
3996	-2.2
3997	-2.1
3998	-2.1
3999	-2.5
4000	-2.5
4001	-2.4
4002	-2.4
4003	-2.3
4004	-2.5
4005	-2.4
4006	-2.6
4007	-2.7
4008	-2.7
4009	-2.7
4010	-2.7
4011	-2.9
4012	-3.0
4013	-2.4
4014	-2.1
4015	-2.5
4016	-2.6
4017	-2.7
4018	-1.9
4019	0.5
4020	-0.5
4021	-1.7
4022	-2.0
4023	-2.3
4024	-2.2
4025	-2.2
4026	-1.8
4027	-1.0
4028	-1.1
4029	-2.0
4030	-2.5
4031	-2.5
4032	-8.6
4033	-54.2
4034	-66.3
4035	54.2
4036	209.7
4037	391.1
4038	451.6
4039	430.0
4040	424.3
4041	590.5
4042	819.4
4043	1023.4
4044	1042.1
4045	963.9
4046	920.5
4047	1059.4
4048	1276.3
4049	1460.3
4050	1426.0
4051	1313.9
4052	1264.3
4053	1410.1
4054	1644.6
4055	1805.5
4056	1717.5
4057	1571.5
4058	1520.2
4059	1675.3
4060	1921.8
4061	2052.6
4062	1930.3
4063	1765.8
4064	1707.1
4065	1860.5
4066	2113.3
4067	2229.1
4068	2087.3
4069	1907.3
4070	1845.7
4071	1995.2
4072	2240.3
4073	2345.2
4074	2197.5
4075	2014.6
4076	1953.9
4077	2111.2
4078	2364.1
4079	2455.1
4080	2293.4
4081	2103.8
4082	2048.3
4083	2214.8
4084	2477.3
4085	2554.4
4086	2380.6
4087	2182.6
4088	2128.1
4089	2293.6
4090	2552.5
4091	2617.9
4092	2435.3
4093	2235.1
4094	2187.5
4095	2364.9
4096	2628.9
4097	2678.0
4098	2488.3
4099	2285.3
4100	2243.2
4101	2422.2
4102	2681.3
4103	2721.1
4104	2530.7
4105	2326.3
4106	2280.7
4107	2461.9
4108	2729.6
4109	2768.9
4110	2580.7
4111	2377.0
4112	2346.2
4113	2537.5
4114	2797.1
4115	2813.6
4116	2620.6
4117	2420.7
4118	2403.6
4119	2596.9
4120	2846.1
4121	2841.2
4122	2636.1
4123	2432.6
4124	2421.5
4125	2625.3
4126	2877.6
4127	2868.7
4128	2664.9
4129	2456.9
4130	2443.0
4131	2644.1
4132	2896.2
4133	2887.8
4134	2685.5
4135	2478.2
4136	2463.4
4137	2662.9
4138	2911.3
4139	2894.8
4140	2684.7
4141	2474.8
4142	2455.8
4143	2657.2
4144	2912.4
4145	2904.9
4146	2696.4
4147	2485.8
4148	2464.8
4149	2664.2
4150	2921.4
4151	2919.9
4152	2715.0
4153	2504.6
4154	2482.1
4155	2676.8
4156	2928.5
4157	2921.8
4158	2709.5
4159	2498.0
4160	2470.6
4161	2664.4
4162	2921.4
4163	2926.6
4164	2714.0
4165	2494.3
4166	2452.0
4167	2640.0
4168	2904.6
4169	2930.4
4170	2726.8
4171	2508.6
4172	2461.1
4173	2645.9
4174	2909.4
4175	2939.1
4176	2732.7
4177	2512.6
4178	2457.2
4179	2637.0
4180	2904.1
4181	2945.4
4182	2744.7
4183	2523.1
4184	2460.9
4185	2634.6
4186	2900.2
4187	2951.7
4188	2754.2
4189	2532.4
4190	2465.9
4191	2641.7
4192	2911.5
4193	2968.3
4194	2778.1
4195	2557.7
4196	2489.2
4197	2668.7
4198	2942.5
4199	2995.7
4200	2805.0
4201	2583.6
4202	2517.2
4203	2693.7
4204	2962.5
4205	3015.2
4206	2829.0
4207	2609.0
4208	2536.9
4209	2703.7
4210	2969.3
4211	3023.2
4212	2827.2
4213	2602.7
4214	2523.7
4215	2687.7
4216	2956.8
4217	3030.2
4218	2851.6
4219	2631.6
4220	2553.4
4221	2722.6
4222	2993.9
4223	3054.4
4224	2865.1
4225	2640.2
4226	2558.7
4227	2722.7
4228	2990.1
4229	3058.3
4230	2875.8
4231	2655.2
4232	2576.8
4233	2746.3
4234	3017.7
4235	3079.2
4236	2893.5
4237	2668.2
4238	2588.1
4239	2756.3
4240	3027.0
4241	3086.9
4242	2895.4
4243	2668.4
4244	2584.8
4245	2751.0
4246	3022.8
4247	3092.1
4248	2904.2
4249	2676.2
4250	2587.6
4251	2747.1
4252	3017.5
4253	3094.2
4254	2916.6
4255	2693.1
4256	2606.0
4257	2769.6
4258	3044.8
4259	3123.9
4260	2951.7
4261	2730.4
4262	2659.5
4263	2833.1
4264	3099.9
4265	3138.3
4266	2936.2
4267	2709.5
4268	2641.2
4269	2817.5
4270	3085.1
4271	3130.9
4272	2931.6
4273	2699.6
4274	2620.3
4275	2791.1
4276	3062.2
4277	3122.1
4278	2926.2
4279	2696.2
4280	2605.0
4281	2765.2
4282	3037.1
4283	3115.4
4284	2936.8
4285	2712.3
4286	2622.0
4287	2782.9
4288	3052.8
4289	3127.4
4290	2947.3
4291	2723.9
4292	2635.7
4293	2796.3
4294	3066.3
4295	3141.5
4296	2958.5
4297	2730.3
4298	2638.9
4299	2800.7
4300	3072.4
4301	3146.1
4302	2954.2
4303	2719.7
4304	2614.0
4305	2763.5
4306	3034.3
4307	3126.0
4308	2940.3
4309	2705.8
4310	2589.9
4311	2732.4
4312	3004.0
4313	3117.5
4314	2947.4
4315	2718.5
4316	2592.0
4317	2720.7
4318	2988.4
4319	3116.5
4320	2955.5
4321	2727.2
4322	2593.8
4323	2717.7
4324	2985.2
4325	3121.2
4326	2973.6
4327	2750.7
4328	2618.8
4329	2749.2
4330	3022.1
4331	3150.4
4332	2986.8
4333	2756.1
4334	2622.9
4335	2749.9
4336	3018.9
4337	3146.5
4338	2975.2
4339	2740.1
4340	2595.9
4341	2709.4
4342	2973.5
4343	3125.2
4344	2972.5
4345	2739.0
4346	2582.7
4347	2688.6
4348	2956.4
4349	3125.1
4350	2985.3
4351	2758.3
4352	2601.4
4353	2700.8
4354	2962.9
4355	3133.8
4356	2998.8
4357	2771.5
4358	2608.0
4359	2701.5
4360	2963.3
4361	3137.3
4362	3000.2
4363	2767.9
4364	2598.2
4365	2687.4
4366	2949.4
4367	3133.1
4368	3001.9
4369	2769.4
4370	2593.0
4371	2669.5
4372	2920.7
4373	3116.5
4374	3005.9
4375	2783.2
4376	2606.6
4377	2680.3
4378	2931.8
4379	3128.6
4380	3014.1
4381	2784.7
4382	2601.0
4383	2666.6
4384	2918.2
4385	3126.9
4386	3021.9
4387	2793.6
4388	2600.6
4389	2650.9
4390	2890.0
4391	3107.6
4392	3021.2
4393	2798.1
4394	2600.0
4395	2635.7
4396	2874.6
4397	3106.9
4398	3036.4
4399	2818.8
4400	2620.7
4401	2655.8
4402	2894.3
4403	3124.5
4404	3053.3
4405	2837.3
4406	2639.8
4407	2673.0
4408	2905.2
4409	3132.7
4410	3059.3
4411	2836.9
4412	2632.4
4413	2654.0
4414	2881.8
4415	3119.0
4416	3060.0
4417	2838.8
4418	2629.1
4419	2641.1
4420	2867.6
4421	3114.3
4422	3070.7
4423	2855.4
4424	2646.2
4425	2652.8
4426	2872.8
4427	3118.0
4428	3078.3
4429	2861.8
4430	2646.0
4431	2637.6
4432	2786.4
4433	2748.6
4434	2498.6
4435	2236.5
4436	2003.8
4437	1803.3
4438	1631.5
4439	1479.6
4440	1339.1
4441	1204.0
4442	1073.0
4443	949.6
4444	839.2
4445	745.0
4446	666.5
4447	600.3
4448	542.3
4449	488.0
4450	436.0
4451	385.9
4452	339.6
4453	300.7
4454	271.2
4455	246.0
4456	222.8
4457	204.6
4458	186.0
4459	167.1
4460	149.9
4461	134.0
4462	120.3
4463	109.7
4464	101.7
4465	95.0
4466	88.5
4467	81.5
4468	74.8
4469	68.1
4470	62.3
4471	58.2
4472	54.9
4473	52.1
4474	50.1
4475	48.0
4476	44.7
4477	41.4
4478	38.9
4479	36.5
4480	34.8
4481	33.7
4482	32.7
4483	32.0
4484	30.4
4485	28.2
4486	26.8
4487	26.5
4488	26.9
4489	26.0
4490	24.3
4491	23.0
4492	22.2
4493	21.8
4494	20.8
4495	20.0
4496	19.0
4497	18.2
4498	17.6
4499	18.1
4500	17.8
4501	16.9
4502	16.2
4503	15.9
4504	15.6
4505	16.0
4506	15.9
4507	15.6
4508	15.1
4509	14.0
4510	13.5
4511	13.6
4512	13.9
4513	13.6
4514	13.3
4515	12.3
4516	11.3
4517	10.9
4518	11.0
4519	10.8
4520	10.3
4521	9.7
4522	9.7
4523	9.7
4524	9.1
4525	8.8
4526	9.9
4527	10.0
4528	9.1
4529	8.3
4530	7.6
4531	7.5
4532	7.3
4533	7.1
4534	7.2
4535	7.2
4536	7.0
4537	6.7
4538	6.7
4539	7.5
4540	7.1
4541	6.4
4542	5.7
4543	5.2
4544	4.8
4545	4.5
4546	4.9
4547	5.1
4548	4.5
4549	3.8
4550	3.5
4551	4.7
4552	5.3
4553	4.6
4554	3.5
4555	3.3
4556	3.4
4557	4.3
4558	4.6
4559	3.8
4560	3.4
4561	2.3
4562	2.5
4563	3.0
4564	3.1
4565	3.1
4566	2.4
4567	1.5
4568	0.9
4569	0.6
4570	1.5
4571	2.7
4572	2.8
4573	2.0
4574	0.2
4575	-0.4
4576	-0.4
4577	0.3
4578	1.1
4579	1.2
4580	0.8
4581	0.2
4582	0.3
4583	0.3
4584	-0.3
4585	-1.3
4586	-1.0
4587	0.3
4588	0.6
4589	-0.0
4590	-0.9
4591	-1.2
4592	-1.0
4593	1.1
4594	2.6
4595	0.9
4596	-1.2
4597	-2.0
4598	-1.5
4599	-0.8
4600	-0.6
4601	-1.4
4602	-1.8
4603	-1.9
4604	-2.7
4605	-2.5
4606	-2.3
4607	-2.1
4608	-2.2
4609	-2.0
4610	-2.0
4611	-2.6
4612	-3.2
4613	-3.2
4614	-3.2
4615	-3.2
4616	-2.8
4617	-1.9
4618	-2.0
4619	-2.7
4620	-3.1
4621	-3.2
4622	-2.2
4623	-1.8
4624	-2.9
4625	-4.0
4626	-3.9
4627	-3.7
4628	-4.0
4629	-3.9
4630	-3.8
4631	-4.2
4632	-4.8
4633	-3.6
4634	-2.8
4635	-3.9
4636	-4.4
4637	-4.8
4638	-4.7
4639	-4.6
4640	-4.6
4641	-4.8
4642	-4.8
4643	-5.0
4644	-4.5
4645	-4.7
4646	-4.8
4647	-5.3
4648	-5.4
4649	-4.8
4650	-4.5
4651	-4.9
4652	-5.4
4653	-5.8
4654	-5.7
4655	-5.2
4656	-5.1
4657	-5.3
4658	-5.5
4659	-6.2
4660	-5.8
4661	-5.2
4662	-3.1
4663	-3.4
4664	-5.5
4665	-5.5
4666	-5.5
4667	-6.3
4668	-6.3
4669	-5.1
4670	