-12.6
679	-12.8
680	-12.2
681	-11.6
682	-11.5
683	-12.0
684	-11.1
685	-11.1
686	-12.1
687	-12.0
688	-11.7
689	-12.3
690	-11.9
691	-11.3
692	-12.8
693	-14.1
694	-14.8
695	-14.3
696	-13.4
697	-11.4
698	-11.1
699	-11.9
700	-14.4
701	-15.7
702	-16.4
703	-16.0
704	-13.9
705	-10.9
706	-8.2
707	-8.9
708	-13.9
709	-18.1
710	-18.7
711	-16.1
712	-13.1
713	-10.7
714	-9.3
715	-10.4
716	-13.5
717	-17.7
718	-19.5
719	-17.2
720	-13.1
721	-10.3
722	-10.1
723	-12.0
724	-14.1
725	-15.3
726	-15.6
727	-14.9
728	-12.4
729	-10.6
730	-10.1
731	-11.6
732	-13.4
733	-15.0
734	-16.2
735	-15.8
736	-14.7
737	-14.1
738	-13.7
739	-13.8
740	-14.0
741	-14.7
742	-16.0
743	-16.1
744	-15.0
745	-13.8
746	-12.8
747	-13.4
748	-14.7
749	-15.0
750	-15.5
751	-16.3
752	-15.8
753	-14.7
754	-13.7
755	-14.0
756	-15.4
757	-16.2
758	-16.2
759	-15.7
760	-14.2
761	-12.6
762	-12.6
763	-14.0
764	-15.4
765	-16.6
766	-17.6
767	-17.6
768	-16.0
769	-14.3
770	-13.3
771	-13.4
772	-14.9
773	-16.1
774	-16.6
775	-16.5
776	-16.2
777	-16.3
778	-16.1
779	-15.6
780	-14.2
781	-13.1
782	-14.3
783	-15.8
784	-16.5
785	-15.8
786	-14.7
787	-15.3
788	-16.3
789	-16.8
790	-17.0
791	-16.6
792	-15.9
793	-14.9
794	-14.8
795	-15.5
796	-16.8
797	-16.7
798	-16.3
799	-15.2
800	-13.8
801	-14.2
802	-15.3
803	-16.0
804	-16.3
805	-16.3
806	-16.5
807	-16.4
808	-16.1
809	-16.0
810	-15.6
811	-16.0
812	-16.6
813	-16.4
814	-16.3
815	-15.0
816	-14.2
817	-14.8
818	-18.0
819	-20.5
820	-19.3
821	-15.6
822	-11.3
823	-11.2
824	-15.1
825	-21.1
826	-20.7
827	-13.8
828	-10.1
829	-12.1
830	-18.3
831	-18.4
832	-13.4
833	-3.7
834	82.1
835	262.6
836	359.3
837	362.2
838	403.7
839	657.6
840	996.7
841	1198.6
842	1174.7
843	1128.8
844	1285.3
845	1612.9
846	1860.2
847	1835.0
848	1732.6
849	1787.9
850	2070.3
851	2353.0
852	2355.3
853	2221.2
854	2184.5
855	2419.6
856	2738.0
857	2806.3
858	2660.3
859	2536.1
860	2680.6
861	2995.0
862	3149.8
863	3027.2
864	2851.1
865	2893.6
866	3184.9
867	3426.7
868	3357.8
869	3156.5
870	3092.5
871	3326.1
872	3626.4
873	3643.1
874	3444.4
875	3284.3
876	3419.6
877	3730.4
878	3863.4
879	3708.5
880	3492.4
881	3506.4
882	3779.2
883	4014.9
884	3937.2
885	3704.9
886	3594.6
887	3789.5
888	4085.8
889	4130.8
890	3928.0
891	3725.6
892	3808.1
893	4103.9
894	4271.6
895	4129.8
896	3883.2
897	3826.6
898	4063.8
899	4331.4
900	4304.9
901	4069.8
902	3890.4
903	4021.3
904	4322.7
905	4436.0
906	4254.5
907	4003.7
908	3987.4
909	4246.7
910	4488.2
911	4416.5
912	4164.4
913	4011.7
914	4176.3
915	4474.1
916	4544.1
917	4339.3
918	4103.2
919	4139.9
920	4421.5
921	4622.4
922	4504.5
923	4243.8
924	4140.0
925	4347.8
926	4629.9
927	4637.5
928	4402.7
929	4180.4
930	4256.4
931	4547.5
932	4709.9
933	4557.3
934	4290.2
935	4215.3
936	4441.7
937	4711.8
938	4690.3
939	4446.2
940	4248.9
941	4358.7
942	4648.5
943	4768.5
944	4586.8
945	4318.0
946	4267.5
947	4508.0
948	4762.0
949	4707.1
950	4446.3
951	4248.3
952	4364.9
953	4661.8
954	4779.2
955	4592.1
956	4321.0
957	4267.6
958	4505.3
959	4760.3
960	4706.9
961	4448.3
962	4251.4
963	4366.4
964	4661.5
965	4782.0
966	4599.0
967	4332.3
968	4284.2
969	4525.7
970	4783.7
971	4731.5
972	4471.0
973	4275.9
974	4396.2
975	4692.7
976	4804.4
977	4614.1
978	4347.7
979	4305.5
980	4550.0
981	4801.4
982	4742.9
983	4481.0
984	4286.4
985	4410.2
986	4709.6
987	4820.7
988	4626.8
989	4356.2
990	4314.4
991	4564.3
992	4819.3
993	4761.8
994	4501.8
995	4318.0
996	4451.6
997	4747.0
998	4843.9
999	4642.3
1000	4371.7
1001	4331.8
1002	4575.9
1003	4825.3
1004	4762.0
1005	4496.8
1006	4294.7
1007	4404.9
1008	4701.4
1009	4829.4
1010	4645.9
1011	4373.1
1012	4310.7
1013	4545.1
1014	4808.7
1015	4767.2
1016	4508.1
1017	4295.0
1018	4391.0
1019	4688.5
1020	4833.3
1021	4660.9
1022	4384.3
1023	4306.5
1024	4532.2
1025	4804.5
1026	4785.8
1027	4537.7
1028	4321.1
1029	4410.5
1030	4704.5
1031	4852.9
1032	4686.6
1033	4414.4
1034	4339.0
1035	4563.9
1036	4836.0
1037	4819.4
1038	4572.5
1039	4364.6
1040	4467.6
1041	4764.3
1042	4897.3
1043	4716.0
1044	4439.2
1045	4371.1
1046	4602.6
1047	4867.7
1048	4829.8
1049	4568.0
1050	4346.2
1051	4431.0
1052	4723.0
1053	4876.2
1054	4711.6
1055	4435.0
1056	4342.6
1057	4554.9
1058	4828.7
1059	4820.8
1060	4572.8
1061	4334.6
1062	4390.9
1063	4677.5
1064	4859.6
1065	4715.1
1066	4435.6
1067	4309.0
1068	4498.9
1069	4787.7
1070	4819.4
1071	4589.8
1072	4342.2
1073	4371.9
1074	4647.0
1075	4849.6
1076	4727.8
1077	4452.0
1078	4303.1
1079	4470.3
1080	4763.3
1081	4824.1
1082	4605.9
1083	4341.4
1084	4332.5
1085	4597.7
1086	4833.3
1087	4748.8
1088	4484.1
1089	4320.4
1090	4475.3
1091	4773.5
1092	4851.0
1093	4643.9
1094	4389.1
1095	4390.4
1096	4654.8
1097	4877.8
1098	4781.3
1099	4512.0
1100	4347.7
1101	4503.2
1102	4799.7
1103	4875.9
1104	4666.6
1105	4405.3
1106	4393.0
1107	4649.7
1108	4880.7
1109	4796.9
1110	4531.1
1111	4357.6
1112	4500.4
1113	4797.1
1114	4883.8
1115	4673.5
1116	4398.8
1117	4358.9
1118	4607.5
1119	4862.4
1120	4800.0
1121	4533.3
1122	4329.2
1123	4437.1
1124	4733.5
1125	4862.6
1126	4682.9
1127	4409.8
1128	4343.3
1129	4573.0
1130	4840.3
1131	4813.2
1132	4561.1
1133	4344.4
1134	4437.0
1135	4735.3
1136	4883.3
1137	4717.7
1138	4445.8
1139	4363.5
1140	4577.9
1141	4848.7
1142	4832.2
1143	4583.8
1144	4357.5
1145	4430.8
1146	4720.9
1147	4887.5
1148	4732.4
1149	4451.8
1150	4337.0
1151	4532.8
1152	4817.4
1153	4838.9
1154	4605.6
1155	4360.9
1156	4398.1
1157	4677.3
1158	4873.7
1159	4745.4
1160	4470.1
1161	4330.1
1162	4504.1
1163	4795.4
1164	4852.2
1165	4638.8
1166	4387.4
1167	4400.9
1168	4669.5
1169	4883.6
1170	4774.1
1171	4500.2
1172	4342.5
1173	4503.9
1174	4801.7
1175	4874.1
1176	4661.2
1177	4399.0
1178	4390.6
1179	4650.9
1180	4882.4
1181	4798.4
1182	4531.7
1183	4355.0
1184	4493.6
1185	4787.2
1186	4881.3
1187	4681.6
1188	4410.1
1189	4372.4
1190	4620.8
1191	4873.2
1192	4815.1
1193	4553.5
1194	4355.8
1195	4469.3
1196	4763.7
1197	4885.8
1198	4703.4
1199	4432.7
1200	4373.5
1201	4606.9
1202	4868.2
1203	4825.8
1204	4565.8
1205	4347.2
1206	4432.2
1207	4722.7
1208	4875.5
1209	4710.2
1210	4430.3
1211	4325.4
1212	4529.1
1213	4812.7
1214	4826.4
1215	4590.0
1216	4358.6
1217	4422.8
1218	4717.4
1219	4898.2
1220	4755.3
1221	4481.3
1222	4384.0
1223	4597.1
1224	4879.4
1225	4880.5
1226	4634.4
1227	4397.4
1228	4455.7
1229	4741.4
1230	4921.2
1231	4775.2
1232	4440.5
1233	4025.7
1234	3689.9
1235	3425.1
1236	3196.2
1237	2976.1
1238	2746.7
1239	2503.4
1240	2256.9
1241	2024.5
1242	1822.0
1243	1655.9
1244	1519.5
1245	1396.5
1246	1276.3
1247	1154.8
1248	1034.5
1249	919.4
1250	815.5
1251	728.7
1252	659.3
1253	603.0
1254	553.6
1255	504.3
1256	453.8
1257	404.2
1258	358.4
1259	319.3
1260	288.0
1261	263.9
1262	244.6
1263	226.6
1264	208.4
1265	189.4
1266	170.6
1267	154.3
1268	140.6
1269	129.5
1270	121.4
1271	114.8
1272	107.9
1273	100.2
1274	92.8
1275	85.1
1276	79.1
1277	74.3
1278	70.8
1279	67.8
1280	65.0
1281	63.0
1282	60.9
1283	56.3
1284	51.5
1285	48.6
1286	46.9
1287	46.0
1288	44.4
1289	42.1
1290	40.6
1291	39.0
1292	37.4
1293	35.7
1294	34.7
1295	34.2
1296	33.0
1297	31.7
1298	30.6
1299	29.6
1300	29.0
1301	28.2
1302	26.9
1303	27.0
1304	26.7
1305	26.2
1306	26.1
1307	24.6
1308	22.6
1309	21.7
1310	21.4
1311	20.6
1312	20.1
1313	19.3
1314	18.8
1315	18.9
1316	18.3
1317	17.4
1318	16.7
1319	16.2
1320	15.8
1321	15.9
1322	15.6
1323	14.7
1324	13.7
1325	13.4
1326	13.4
1327	13.2
1328	12.7
1329	12.1
1330	11.5
1331	11.7
1332	11.5
1333	10.9
1334	11.8
1335	13.0
1336	11.3
1337	11.7
1338	11.7
1339	10.1
1340	8.9
1341	8.5
1342	8.6
1343	8.4
1344	8.2
1345	7.7
1346	7.4
1347	7.2
1348	6.6
1349	6.9
1350	6.4
1351	5.5
1352	6.5
1353	7.2
1354	6.9
1355	6.9
1356	6.4
1357	5.3
1358	4.6
1359	4.1
1360	4.1
1361	3.4
1362	3.0
1363	3.0
1364	3.3
1365	3.0
1366	2.5
1367	2.4
1368	2.8
1369	2.5
1370	1.9
1371	1.9
1372	2.4
1373	2.6
1374	2.9
1375	2.1
1376	1.2
1377	0.9
1378	0.6
1379	0.2
1380	0.0
1381	0.3
1382	0.2
1383	-0.1
1384	-0.6
1385	-1.0
1386	-1.4
1387	-1.0
1388	-1.1
1389	-2.1
1390	-2.4
1391	-2.2
1392	-2.1
1393	-2.3
1394	-2.2
1395	-2.5
1396	-2.6
1397	-2.9
1398	-3.0
1399	-2.9
1400	-3.0
1401	-2.8
1402	-0.4
1403	-0.5
1404	-2.3
1405	-2.7
1406	-2.8
1407	-2.9
1408	-2.4
1409	-2.5
1410	-3.1
1411	-3.8
1412	-4.6
1413	-4.9
1414	-5.0
1415	-5.3
1416	-5.2
1417	-5.2
1418	-5.0
1419	-5.0
1420	-5.0
1421	-5.3
1422	-6.0
1423	-6.2
1424	-6.4
1425	-6.0
1426	-5.9
1427	-6.7
1428	-6.8
1429	-6.3
1430	-6.5
1431	-6.9
1432	-7.7
1433	-7.5
1434	-6.4
1435	-5.3
1436	-4.7
1437	-5.4
1438	-7.9
1439	-7.9
1440	-7.6
1441	-7.5
1442	-7.2
1443	-6.2
1444	-5.9
1445	-6.8
1446	-7.5
1447	-7.6
1448	-7.8
1449	-6.9
1450	-6.7
1451	-7.5
1452	-7.7
1453	-8.4
1454	-8.9
1455	-8.6
1456	-8.5
1457	-8.4
1458	-8.9
1459	-8.9
1460	-8.9
1461	-8.1
1462	-7.2
1463	-7.5
1464	-9.1
1465	-9.3
1466	-8.0
1467	-8.0
1468	-8.9
1469	-9.6
1470	-9.9
1471	-10.0
1472	-9.7
1473	-9.9
1474	-9.3
1475	-8.0
1476	-8.4
1477	-9.7
1478	-10.5
1479	-10.5
1480	-10.0
1481	-10.1
1482	-10.2
1483	-10.2
1484	-10.1
1485	-10.7
1486	-10.9
1487	-10.3
1488	-9.9
1489	-10.1
1490	-10.3
1491	-10.4
1492	-10.9
1493	-11.0
1494	-11.4
1495	-11.4
1496	-10.4
1497	-9.6
1498	-9.1
1499	-9.5
1500	-10.5
1501	-10.8
1502	-11.0
1503	-11.3
1504	-11.4
1505	-11.4
1506	-11.3
1507	-11.6
1508	-11.8
1509	-11.4
1510	-11.3
1511	-10.8
1512	-9.7
1513	-9.9
1514	-10.0
1515	-10.2
1516	-11.1
1517	-11.5
1518	-11.1
1519	-10.6
1520	-11.0
1521	-11.8
1522	-11.5
1523	-11.6
1524	-11.6
1525	-12.0
1526	-12.0
1527	-11.8
1528	-11.7
1529	-11.6
1530	-11.7
1531	-11.6
1532	-11.6
1533	-12.2
1534	-11.3
1535	-10.7
1536	-10.8
1537	-11.6
1538	-11.9
1539	-12.5
1540	-12.4
1541	-12.4
1542	-12.2
1543	-12.2
1544	-12.1
1545	-12.1
1546	-12.1
1547	-12.3
1548	-12.7
1549	-13.0
1550	-13.3
1551	-12.5
1552	-12.1
1553	-12.7
1554	-12.9
1555	-13.0
1556	-12.8
1557	-12.5
1558	-12.6
1559	-12.5
1560	-12.3
1561	-13.2
1562	-13.0
1563	-10.3
1564	-8.9
1565	-9.8
1566	-10.4
1567	-11.8
1568	-12.8
1569	-12.8
1570	-12.3
1571	-12.4
1572	-12.5
1573	-13.2
1574	-13.3
1575	-13.1
1576	-13.2
1577	-12.9
1578	-12.6
1579	-12.2
1580	-12.7
1581	-13.3
1582	-13.4
1583	-12.9
1584	-12.9
1585	-12.6
1586	-12.3
1587	-12.1
1588	-12.0
1589	-12.3
1590	-12.5
1591	-13.3
1592	-13.7
1593	-12.8
1594	-10.6
1595	-11.3
1596	-12.2
1597	-12.4
1598	-13.2
1599	-13.5
1600	-13.6
1601	-13.7
1602	-13.5
1603	-12.9
1604	-11.5
1605	-11.2
1606	-12.6
1607	-13.8
1608	-13.9
1609	-13.2
1610	-12.0
1611	-11.1
1612	-12.1
1613	-13.6
1614	-14.1
1615	-14.1
1616	-13.3
1617	-12.3
1618	-12.1
1619	-12.8
1620	-12.4
1621	-12.7
1622	-13.5
1623	-14.3
1624	-14.6
1625	-14.6
1626	-14.2
1627	-13.4
1628	-12.9
1629	-12.6
1630	-13.2
1631	-13.7
1632	-20.8
1633	-41.0
1634	18.9
1635	182.1
1636	415.9
1637	529.2
1638	550.2
1639	622.7
1640	875.9
1641	1193.6
1642	1351.6
1643	1328.8
1644	1312.6
1645	1493.6
1646	1801.7
1647	1996.0
1648	1952.8
1649	1865.8
1650	1956.5
1651	2240.8
1652	2482.5
1653	2450.9
1654	2323.1
1655	2321.3
1656	2563.4
1657	2858.1
1658	2899.5
1659	2760.0
1660	2675.6
1661	2849.9
1662	3148.6
1663	3242.7
1664	3096.4
1665	2943.0
1666	3033.4
1667	3334.5
1668	3527.2
1669	3417.4
1670	3217.6
1671	3186.9
1672	3424.1
1673	3695.2
1674	3676.7
1675	3473.3
1676	3327.5
1677	3463.3
1678	3760.4
1679	3873.2
1680	3708.7
1681	3497.1
1682	3507.4
1683	3774.1
1684	4011.9
1685	3940.9
1686	3720.9
1687	3615.5
1688	3804.7
1689	4097.4
1690	4133.0
1691	3926.6
1692	3724.4
1693	3790.0
1694	4073.3
1695	4252.5
1696	4119.7
1697	3879.4
1698	3806.2
1699	4022.2
1700	4296.0
1701	4285.8
1702	4058.5
1703	3867.5
1704	3965.0
1705	4255.4
1706	4400.7
1707	4243.9
1708	3999.6
1709	3955.9
1710	4192.9
1711	4448.2
1712	4401.3
1713	4159.8
1714	3980.9
1715	4098.5
1716	4387.2
1717	4501.0
1718	4319.3
1719	4066.9
1720	4024.7
1721	4261.6
1722	4515.1
1723	4465.1
1724	4220.7
1725	4039.9
1726	4158.8
1727	4453.1
1728	4567.5
1729	4387.1
1730	4140.7
1731	4117.4
1732	4365.0
1733	4606.4
1734	4536.6
1735	4283.9
1736	4115.3
1737	4250.2
1738	4540.7
1739	4633.2
1740	4439.0
1741	4189.1
1742	4175.9
1743	4428.8
1744	4660.1
1745	4577.8
1746	4320.3
1747	4155.6
1748	4298.1
1749	4591.1
1750	4675.9
1751	4475.1
1752	4222.7
1753	4208.5
1754	4463.3
1755	4697.1
1756	4620.2
1757	4369.3
1758	4217.1
1759	4369.3
1760	4658.8
1761	4723.3
1762	4512.1
1763	4268.0
1764	4279.6
1765	4547.3
1766	4762.3
1767	4656.7
1768	4391.6
1769	4246.1
1770	4411.5
1771	4702.2
1772	4757.6
1773	4542.8
1774	4295.2
1775	4311.3
1776	4579.6
1777	4786.6
1778	4676.2
1779	4410.6
1780	4267.2
1781	4434.5
1782	4723.9
1783	4773.2
1784	4551.8
1785	4303.7
1786	4319.9
1787	4588.3
1788	4800.1
1789	4691.3
1790	4422.5
1791	4277.1
1792	4444.1
1793	4732.4
1794	4784.7
1795	4567.2
1796	4320.7
1797	4340.3
1798	4613.9
1799	4824.4
1800	4714.7
1801	4448.0
1802	4310.5
1803	4489.0
1804	4785.9
1805	4823.1
1806	4591.7
1807	4346.1
1808	4382.3
1809	4662.1
1810	4855.4
1811	4723.4
1812	4449.7
1813	4323.3
1814	4509.8
1815	4796.3
1816	4822.0
1817	4589.3
1818	4355.6
1819	4408.7
1820	4694.1
1821	4875.6
1822	4732.0
1823	4456.7
1824	4336.4
1825	4532.1
1826	4822.1
1827	4843.3
1828	4607.1
1829	4370.5
1830	4424.9
1831	4710.6
1832	4892.4
1833	4756.6
1834	4488.3
1835	4389.1
1836	4591.6
1837	4864.4
1838	4863.1
1839	4621.6
1840	4397.0
1841	4467.9
1842	4753.7
1843	4913.8
1844	4753.4
1845	4474.5
1846	4373.1
1847	4581.8
1848	4861.4
1849	4859.3
1850	4615.2
1851	4382.6
1852	4439.7
1853	4725.2
1854	4898.6
1855	4748.5
1856	4471.6
1857	4359.1
1858	4559.7
1859	4845.3
1860	4859.3
1861	4624.0
1862	4392.0
1863	4450.8
1864	4735.0
1865	4904.4
1866	4752.0
1867	4475.0
1868	4359.4
1869	4552.7
1870	4836.5
1871	4853.0
1872	4613.3
1873	4367.8
1874	4399.1
1875	4672.8
1876	4873.1
1877	4749.9
1878	4475.9
1879	4331.8
1880	4502.0
1881	4795.6
1882	4850.4
1883	4631.5
1884	4383.7
1885	4404.5
1886	4677.4
1887	4884.8
1888	4766.7
1889	4491.8
1890	4344.5
1891	4516.9
1892	4813.8
1893	4865.1
1894	4641.4
1895	4387.0
1896	4395.3
1897	4661.2
1898	4878.4
1899	4774.2
1900	4502.0
1901	4338.3
1902	4488.4
1903	4781.4
1904	4857.1
1905	4647.2
1906	4391.4
1907	4382.9
1908	4642.5
1909	4874.0
1910	4787.5
1911	4520.4
1912	4345.3
1913	4482.1
1914	4776.9
1915	4874.6
1916	4679.8
1917	4414.4
1918	4381.4
1919	4627.9
1920	4873.4
1921	4809.8
1922	4549.1
1923	4362.8
1924	4489.4
1925	4787.2
1926	4894.0
1927	4699.8
1928	4434.8
1929	4396.8
1930	4636.0
1931	4882.2
1932	4822.6
1933	4560.3
1934	4358.3
1935	4464.9
1936	4759.1
1937	4887.0
1938	4705.2
1939	4430.7
1940	4363.9
1941	4591.5
1942	4856.2
1943	4823.0
1944	4570.0
1945	4355.5
1946	4440.4
1947	4728.4
1948	4880.9
1949	4719.3
1950	4443.9
1951	4350.1
1952	4561.0
1953	4839.0
1954	4835.0
1955	4589.1
1956	4354.4
1957	4415.2
1958	4705.9
1959	4882.2
1960	4735.9
1961	4461.8
1962	4355.4
1963	4554.5
1964	4834.2
1965	4844.6
1966	4607.7
1967	4375.0
1968	4424.3
1969	4702.4
1970	4888.9
1971	4753.4
1972	4477.5
1973	4350.5
1974	4535.9
1975	4825.1
1976	4862.4
1977	4638.5
1978	4399.3
1979	4435.5
1980	4714.5
1981	4908.6
1982	4777.5
1983	4501.8
1984	4368.2
1985	4554.2
1986	4850.4
1987	4887.9
1988	4657.2
1989	4408.0
1990	4439.2
1991	4721.3
1992	4925.5
1993	4805.8
1994	4531.1
1995	4395.5
1996	4575.8
1997	4864.7
1998	4897.9
1999	4664.7
2000	4412.0
2001	4431.9
2002	4700.0
2003	4909.8
2004	4799.8
2005	4524.3
2006	4364.1
2007	4521.7
2008	4818.5
2009	4893.0
2010	4683.8
2011	4430.7
2012	4429.7
2013	4688.6
2014	4911.3
2015	4818.4
2016	4553.0
2017	4395.6
2018	4551.3
2019	4846.4
2020	4918.0
2021	4702.4
2022	4437.2
2023	4423.4
2024	4683.8
2025	4920.1
2026	4834.9
2027	4562.5
2028	4380.4
2029	4511.0
2030	4803.1
2031	4902.0
2032	4679.5
2033	4288.9
2034	3889.5
2035	3556.9
2036	3282.9
2037	3043.9
2038	2814.0
2039	2574.7
2040	2325.1
2041	2079.2
2042	1853.8
2043	1662.0
2044	1505.6
2045	1376.9
2046	1262.1
2047	1148.8
2048	1032.2
2049	915.3
2050	805.8
2051	711.0
2052	634.5
2053	574.9
2054	526.7
2055	481.9
2056	436.2
2057	389.2
2058	343.9
2059	302.8
2060	269.3
2061	244.0
2062	225.3
2063	210.0
2064	193.9
2065	176.9
2066	159.4
2067	142.5
2068	127.7
2069	116.3
2070	108.2
2071	102.5
2072	97.9
2073	91.9
2074	84.7
2075	77.8
2076	70.7
2077	65.6
2078	62.8
2079	62.2
2080	57.9
2081	54.2
2082	51.6
2083	48.9
2084	45.4
2085	42.2
2086	40.8
2087	39.8
2088	39.0
2089	38.8
2090	37.2
2091	34.5
2092	31.7
2093	29.7
2094	28.3
2095	27.6
2096	26.8
2097	26.0
2098	25.3
2099	24.9
2100	23.8
2101	21.6
2102	20.2
2103	20.5
2104	20.8
2105	20.0
2106	18.7
2107	17.3
2108	16.8
2109	17.5
2110	18.4
2111	17.8
2112	15.7
2113	14.6
2114	15.3
2115	14.5
2116	12.6
2117	12.4
2118	12.1
2119	11.3
2120	10.6
2121	10.6
2122	11.3
2123	10.6
2124	9.7
2125	8.3
2126	7.0
2127	7.5
2128	7.8
2129	8.0
2130	7.7
2131	7.4
2132	7.0
2133	6.6
2134	5.9
2135	5.3
2136	5.3
2137	5.4
2138	5.0
2139	4.9
2140	5.4
2141	5.2
2142	5.7
2143	5.3
2144	4.1
2145	3.3
2146	2.8
2147	2.0
2148	1.5
2149	1.5
2150	1.7
2151	2.0
2152	2.2
2153	2.1
2154	1.3
2155	0.5
2156	-0.3
2157	-0.6
2158	-0.9
2159	-0.4
2160	-0.0
2161	-0.0
2162	-0.5
2163	-1.2
2164	-2.0
2165	-2.5
2166	-2.3
2167	-1.9
2168	-1.8
2169	-1.7
2170	-1.3
2171	0.6
2172	0.5
2173	0.2
2174	0.2
2175	-0.5
2176	-0.9
2177	-2.3
2178	-3.6
2179	-2.9
2180	-2.5
2181	-3.5
2182	-4.7
2183	-4.7
2184	-4.3
2185	-4.5
2186	-5.3
2187	-5.6
2188	-5.6
2189	-5.1
2190	-5.5
2191	-5.1
2192	-4.9
2193	-5.0
2194	-5.0
2195	-5.6
2196	-6.4
2197	-6.1
2198	-6.8
2199	-8.2
2200	-8.6
2201	-6.8
2202	-5.3
2203	-6.1
2204	-8.5
2205	-9.5
2206	-8.1
2207	-7.9
2208	-9.0
2209	-9.6
2210	-8.2
2211	-6.8
2212	-7.2
2213	-8.0
2214	-9.0
2215	-9.9
2216	-9.3
2217	-7.4
2218	-7.0
2219	-8.2
2220	-8.5
2221	-9.2
2222	-10.6
2223	-11.4
2224	-10.7
2225	-9.4
2226	-8.8
2227	-9.3
2228	-10.8
2229	-11.9
2230	-12.0
2231	-12.0
2232	-11.7
2233	-10.9
2234	-10.3
2235	-10.2
2236	-10.8
2237	-11.5
2238	-11.4
2239	-11.6
2240	-12.1
2241	-11.6
2242	-9.8
2243	-8.5
2244	-9.9
2245	-11.8
2246	-12.7
2247	-11.4
2248	-11.1
2249	-12.0
2250	-12.7
2251	-12.8
2252	-12.3
2253	-11.7
2254	-11.5
2255	-12.3
2256	-13.5
2257	-13.2
2258	-12.6
2259	-12.3
2260	-12.7
2261	-12.9
2262	-12.3
2263	-12.0
2264	-12.7
2265	-13.4
2266	-13.3
2267	-13.1
2268	-11.3
2269	-10.2
2270	-13.0
2271	-17.4
2272	-16.5
2273	-11.4
2274	-8.5
2275	-7.7
2276	-11.1
2277	-14.7
2278	-15.6
2279	-15.2
2280	-14.6
2281	-13.6
2282	-11.6
2283	-11.4
2284	-11.8
2285	-13.3
2286	-15.8
2287	-16.7
2288	-14.9
2289	-13.5
2290	-12.9
2291	-13.5
2292	-13.8
2293	-13.8
2294	-14.5
2295	-14.7
2296	-13.8
2297	-12.8
2298	-12.8
2299	-13.7
2300	-14.5
2301	-13.5
2302	-12.7
2303	-13.0
2304	-14.2
2305	-14.6
2306	-14.9
2307	-15.8
2308	-16.3
2309	-15.7
2310	-13.5
2311	-13.2
2312	-14.6
2313	-16.4
2314	-15.8
2315	-14.7
2316	-15.0
2317	-15.5
2318	-15.3
2319	-15.4
2320	-15.2
2321	-15.3
2322	-16.0
2323	-16.4
2324	-16.1
2325	-14.2
2326	-13.4
2327	-14.5
2328	-15.7
2329	-16.1
2330	-14.0
2331	-13.3
2332	-14.5
2333	-13.9
2334	-14.4
2335	-15.1
2336	-14.0
2337	-14.0
2338	-14.9
2339	-15.2
2340	-15.2
2341	-15.8
2342	-15.9
2343	-15.7
2344	-15.8
2345	-15.5
2346	-15.0
2347	-14.5
2348	-14.1
2349	-15.2
2350	-16.6
2351	-16.2
2352	-14.7
2353	-15.0
2354	-16.3
2355	-16.0
2356	-15.4
2357	-15.7
2358	-16.3
2359	-16.9
2360	-17.0
2361	-15.8
2362	-15.3
2363	-15.0
2364	-15.5
2365	-16.6
2366	-17.5
2367	-17.8
2368	-17.0
2369	-16.6
2370	-16.0
2371	-14.6
2372	-14.1
2373	-15.1
2374	-16.5
2375	-17.3
2376	-17.3
2377	-16.5
2378	-15.6
2379	-14.7
2380	-14.6
2381	-16.3
2382	-18.4
2383	-19.6
2384	-18.8
2385	-15.7
2386	-12.8
2387	-11.7
2388	-14.3
2389	-18.1
2390	-21.2
2391	-21.8
2392	-19.5
2393	-15.8
2394	-12.3
2395	-11.5
2396	-12.5
2397	-15.2
2398	-18.3
2399	-20.4
2400	-19.5
2401	-16.4
2402	-13.9
2403	-12.1
2404	-12.7
2405	-15.4
2406	-18.0
2407	-19.5
2408	-18.8
2409	-16.7
2410	-15.4
2411	-14.5
2412	-14.6
2413	-15.0
2414	-15.9
2415	-17.6
2416	-19.0
2417	-18.8
2418	-17.4
2419	-16.5
2420	-16.0
2421	-16.1
2422	-17.0
2423	-17.5
2424	-17.7
2425	-17.8
2426	-17.6
2427	-17.2
2428	-16.8
2429	-16.1
2430	-16.1
2431	-16.7
2432	-22.1
2433	-61.8
2434	-72.0
2435	117.6
2436	385.7
2437	646.3
2438	744.5
2439	751.5
2440	833.0
2441	1110.5
2442	1434.8
2443	1564.9
2444	1533.6
2445	1519.5
2446	1721.8
2447	2034.9
2448	2188.4
2449	2125.0
2450	2039.2
2451	2169.5
2452	2479.4
2453	2690.8
2454	2632.0
2455	2488.5
2456	2509.0
2457	2771.6
2458	3040.4
2459	3031.1
2460	2869.5
2461	2789.1
2462	2982.5
2463	3285.8
2464	3364.0
2465	3208.6
2466	3042.2
2467	3128.0
2468	3420.5
2469	3609.1
2470	3502.1
2471	3297.7
2472	3255.9
2473	3490.1
2474	3766.5
2475	3760.7
2476	3562.9
2477	3413.7
2478	3549.0
2479	3845.7
2480	3962.7
2481	3802.9
2482	3584.3
2483	3582.7
2484	3838.5
2485	4079.0
2486	4015.5
2487	3788.9
2488	3652.2
2489	3813.0
2490	4109.5
2491	4189.2
2492	4003.8
2493	3780.8
2494	3797.9
2495	4062.7
2496	4282.1
2497	4190.9
2498	3949.7
2499	3827.5
2500	4008.7
2501	4301.7
2502	4352.6
2503	4149.5
2504	3932.5
2505	3982.4
2506	4255.7
2507	4441.4
2508	4314.7
2509	4059.1
2510	3942.1
2511	4128.1
2512	4416.8
2513	4459.1
2514	4248.6
2515	4022.4
2516	4069.1
2517	4347.9
2518	4537.3
2519	4410.4
2520	4153.7
2521	4046.7
2522	4241.8
2523	4525.1
2524	4547.7
2525	4323.4
2526	4097.7
2527	4151.3
2528	4431.2
2529	4614.8
2530	4481.1
2531	4216.9
2532	4102.9
2533	4291.8
2534	4573.6
2535	4597.4
2536	4370.2
2537	4135.3
2538	4172.3
2539	4446.9
2540	4649.6
2541	4536.5
2542	4277.7
2543	4158.0
2544	4341.3
2545	4624.5
2546	4656.5
2547	4436.3
2548	4205.0
2549	4245.1
2550	4518.2
2551	4711.4
2552	4588.1
2553	4325.8
2554	4198.2
2555	4377.4
2556	4664.7
2557	4704.6
2558	4483.2
2559	4240.8
2560	4265.6
2561	4532.7
2562	4739.0
2563	4631.3
2564	4369.8
2565	4234.0
2566	4406.3
2567	4691.7
2568	4743.1
2569	4529.0
2570	4284.7
2571	4301.9
2572	4566.9
2573	4779.6
2574	4678.1
2575	4418.4
2576	4284.2
2577	4457.8
2578	4745.1
2579	4792.9
2580	4576.2
2581	4330.3
2582	4351.0
2583	4618.7
2584	4825.8
2585	4712.2
2586	4440.3
2587	4291.2
2588	4456.7
2589	4748.2
2590	4805.8
2591	4588.0
2592	4327.7
2593	4314.8
2594	4566.3
2595	4795.2
2596	4712.1
2597	4448.5
2598	4268.5
2599	4398.8
2600	4693.4
2601	4799.7
2602	4606.6
2603	4336.5
2604	4282.9
2605	4511.9
2606	4766.4
2607	4727.6
2608	4477.7
2609	4269.6
2610	4361.5
2611	4650.1
2612	4801.7
2613	4641.6
2614	4370.8
2615	4284.0
2616	4495.4
2617	4768.5
2618	4761.1
2619	4519.9
2620	4295.9
2621	4364.4
2622	4644.9
2623	4813.7
2624	4666.5
2625	4393.0
2626	4270.4
2627	4456.1
2628	4740.5
2629	4772.0
2630	4543.2
2631	4295.1
2632	4318.1
2633	4590.4
2634	4802.8
2635	4696.2
2636	4428.1
2637	4273.9
2638	4434.9
2639	4727.4
2640	4798.5
2641	4589.2
2642	4327.3
2643	4310.0
2644	4563.8
2645	4801.9
2646	4725.1
2647	4462.0
2648	4283.1
2649	4424.7
2650	4729.2
2651	4834.3
2652	4643.5
2653	4392.2
2654	4392.4
2655	4661.9
2656	4892.3
2657	4802.2
2658	4538.0
2659	4389.3
2660	4556.3
2661	4850.5
2662	4912.6
2663	4698.9
2664	4450.1
2665	4466.4
2666	4736.0
2667	4945.6
2668	4834.5
2669	4564.1
2670	4418.6
2671	4586.4
2672	4876.7
2673	4935.5
2674	4719.2
2675	4465.9
2676	4478.1
2677	4746.3
2678	4961.3
2679	4858.0
2680	4588.8
2681	4442.1
2682	4608.9
2683	4900.0
2684	4954.8
2685	4733.7
2686	4477.2
2687	4480.8
2688	4743.5
2689	4963.4
2690	4862.4
2691	4586.7
2692	4412.5
2693	4553.0
2694	4844.2
2695	4934.4
2696	4732.7
2697	4461.2
2698	4421.2
2699	4662.1
2700	4912.3
2701	4855.8
2702	4593.6
2703	4392.7
2704	4501.7
2705	4793.9
2706	4923.6
2707	4747.9
2708	4479.0
2709	4416.7
2710	4645.1
2711	4905.7
2712	4874.0
2713	4623.9
2714	4412.2
2715	4496.7
2716	4783.5
2717	4935.0
2718	4769.7
2719	4490.7
2720	4394.7
2721	4604.8
2722	4882.0
2723	4883.6
2724	4643.0
2725	4408.0
2726	4461.1
2727	4742.9
2728	4924.6
2729	4784.2
2730	4507.5
2731	4379.4
2732	4563.8
2733	4856.9
2734	4899.5
2735	4673.7
2736	4429.9
2737	4464.5
2738	4742.0
2739	4943.4
2740	4828.8
2741	4565.6
2742	4450.1
2743	4642.6
2744	4927.9
2745	4952.1
2746	4723.2
2747	4495.2
2748	4554.3
2749	4835.2
2750	5014.5
2751	4875.0
2752	4603.6
2753	4497.2
2754	4696.4
2755	4978.6
2756	4988.4
2757	4746.3
2758	4506.5
2759	4555.1
2760	4834.0
2761	5021.7
2762	4887.0
2763	4610.8
2764	4492.7
2765	4685.4
2766	4967.8
2767	4988.6
2768	4752.4
2769	4505.4
2770	4539.5
2771	4811.5
2772	5008.6
2773	4889.4
2774	4616.3
2775	4478.5
2776	4653.0
2777	4940.6
2778	4990.2
2779	4769.7
2780	4515.0
2781	4527.0
2782	4797.9
2783	5016.4
2784	4914.8
2785	4644.1
2786	4498.5
2787	4666.5
2788	4953.9
2789	5003.9
2790	4778.2
2791	4514.8
2792	4511.1
2793	4773.0
2794	5002.1
2795	4913.3
2796	4641.2
2797	4465.4
2798	4608.1
2799	4904.1
2800	4995.9
2801	4794.6
2802	4525.2
2803	4492.7
2804	4739.3
2805	4987.1
2806	4929.8
2807	4670.4
2808	4487.5
2809	4619.2
2810	4911.4
2811	5010.0
2812	4810.5
2813	4537.4
2814	4492.8
2815	4736.7
2816	4995.1
2817	4948.0
2818	4689.6
2819	4496.9
2820	4620.5
2821	4918.9
2822	5028.1
2823	4835.3
2824	4563.5
2825	4516.5
2826	4755.7
2827	5007.6
2828	4954.3
2829	4688.3
2830	4474.2
2831	4568.3
2832	4803.8
2833	4726.1
2834	4337.5
2835	3937.2
2836	3586.2
2837	3286.5
2838	3026.4
2839	2788.3
2840	2554.1
2841	2317.0
2842	2080.9
2843	1858.6
2844	1661.5
2845	1494.8
2846	1355.6
2847	1234.1
2848	1120.4
2849	1008.2
2850	897.9
2851	793.2
2852	699.4
2853	620.1
2854	555.8
2855	503.6
2856	457.9
2857	415.2
2858	372.9
2859	331.4
2860	292.6
2861	258.5
2862	231.1
2863	210.5
2864	194.1
2865	179.5
2866	165.0
2867	149.6
2868	134.6
2869	120.4
2870	109.1
2871	101.8
2872	95.6
2873	89.4
2874	83.6
2875	77.7
2876	71.9
2877	66.6
2878	61.5
2879	56.5
2880	53.0
2881	50.3
2882	48.5
2883	46.1
2884	43.2
2885	40.5
2886	38.0
2887	35.5
2888	33.8
2889	32.5
2890	31.2
2891	29.8
2892	28.4
2893	26.9
2894	25.6
2895	24.6
2896	23.5
2897	22.1
2898	21.6
2899	21.2
2900	20.4
2901	18.5
2902	17.5
2903	16.8
2904	16.0
2905	16.4
2906	18.1
2907	15.9
2908	15.1
2909	14.4
2910	13.3
2911	12.1
2912	11.1
2913	11.0
2914	10.7
2915	9.9
2916	9.1
2917	9.0
2918	8.5
2919	7.3
2920	6.8
2921	7.1
2922	7.1
2923	6.9
2924	7.1
2925	6.2
2926	4.5
2927	4.3
2928	4.5
2929	4.4
2930	3.9
2931	3.0
2932	2.7
2933	2.6
2934	2.0
2935	1.3
2936	1.4
2937	1.6
2938	1.3
2939	1.0
2940	0.8
2941	0.8
2942	-0.2
2943	-0.4
2944	-0.6
2945	-1.1
2946	-0.9
2947	0.0
2948	-0.1
2949	-1.4
2950	-2.3
2951	-2.8
2952	-2.8
2953	-2.8
2954	-2.7
2955	-2.8
2956	-3.6
2957	-4.7
2958	-5.2
2959	-5.2
2960	-4.7
2961	-4.8
2962	-4.8
2963	-4.7
2964	-4.8
2965	-5.3
2966	-5.7
2967	-6.7
2968	-6.8
2969	-6.6
2970	-5.4
2971	-4.7
2972	-5.4
2973	-6.4
2974	-7.4
2975	-7.4
2976	-7.0
2977	-7.0
2978	-6.8
2979	-5.8
2980	-6.7
2981	-7.8
2982	-7.4
2983	-7.3
2984	-7.8
2985	-8.2
2986	-9.9
2987	-10.9
2988	-10.6
2989	-9.1
2990	-7.8
2991	-8.2
2992	-9.7
2993	-11.3
2994	-12.3
2995	-12.7
2996	-11.6
2997	-10.4
2998	-10.7
2999	-11.0
3000	-11.2
3001	-11.6
3002	-12.2
3003	-12.2
3004	-12.4
3005	-12.1
3006	-11.4
3007	-11.0
3008	-11.5
3009	-12.2
3010	-11.8
3011	-12.1
3012	-14.2
3013	-15.2
3014	-14.1
3015	-12.6
3016	-12.1
3017	-12.9
3018	-14.1
3019	-14.6
3020	-13.9
3021	-13.9
3022	-14.7
3023	-14.3
3024	-13.4
3025	-13.1
3026	-14.0
3027	-13.6
3028	-12.2
3029	-12.3
3030	-12.7
3031	-13.5
3032	-15.0
3033	-15.5
3034	-15.3
3035	-15.3
3036	-14.9
3037	-14.4
3038	-14.4
3039	-15.1
3040	-15.8
3041	-16.1
3042	-16.6
3043	-17.4
3044	-17.4
3045	-16.3
3046	-15.0
3047	-14.4
3048	-15.4
3049	-16.5
3050	-17.0
3051	-17.2
3052	-16.8
3053	-16.7
3054	-16.7
3055	-17.0
3056	-16.8
3057	-16.2
3058	-15.6
3059	-14.2
3060	-16.8
3061	-18.9
3062	-18.8
3063	-17.4
3064	-16.5
3065	-16.4
3066	-17.6
3067	-18.0
3068	-17.0
3069	-16.1
3070	-17.0
3071	-18.2
3072	-18.2
3073	-17.5
3074	-16.8
3075	-16.7
3076	-17.6
3077	-19.1
3078	-19.6
3079	-19.0
3080	-17.3
3081	-16.8
3082	-17.6
3083	-18.5
3084	-18.4
3085	-18.4
3086	-18.5
3087	-18.8
3088	-19.6
3089	-19.9
3090	-19.3
3091	-19.3
3092	-18.9
3093	-18.5
3094	-19.0
3095	-19.5
3096	-19.3
3097	-19.0
3098	-19.3
3099	-18.9
3100	-18.1
3101	-17.9
3102	-18.7
3103	-19.5
3104	-20.1
3105	-20.0
3106	-19.8
3107	-20.2
3108	-20.2
3109	-20.2
3110	-19.8
3111	-20.0
3112	-19.9
3113	-19.7
3114	-19.9
3115	-20.1
3116	-20.3
3117	-20.0
3118	-20.1
3119	-20.2
3120	-19.9
3121	-20.1
3122	-20.5
3123	-20.1
3124	-20.9
3125	-20.8
3126	-20.6
3127	-20.8
3128	-19.2
3129	-18.1
3130	-19.4
3131	-18.9
3132	-18.6
3133	-18.7
3134	-19.5
3135	-20.0
3136	-20.3
3137	-20.7
3138	-21.1
3139	-20.3
3140	-19.8
3141	-20.0
3142	-20.1
3143	-20.3
3144	-20.5
3145	-20.2
3146	-20.0
3147	-20.2
3148	-20.4
3149	-20.2
3150	-20.7
3151	-20.8
3152	-20.2
3153	-20.2
3154	-20.3
3155	-20.8
3156	-21.0
3157	-21.0
3158	-20.4
3159	-20.7
3160	-21.3
3161	-20.3
3162	-19.0
3163	-19.1
3164	-20.5
3165	-21.4
3166	-21.4
3167	-21.7
3168	-21.9
3169	-21.8
3170	-21.5
3171	-21.9
3172	-21.6
3173	-21.4
3174	-21.6
3175	-22.1
3176	-21.4
3177	-20.3
3178	-20.0
3179	-20.6
3180	-21.5
3181	-21.9
3182	-21.8
3183	-21.2
3184	-20.5
3185	-19.4
3186	-20.0
3187	-22.0
3188	-22.5
3189	-21.8
3190	-21.4
3191	-20.8
3192	-20.7
3193	-20.4
3194	-19.9
3195	-20.4
3196	-21.2
3197	-21.7
3198	-22.4
3199	-22.7
3200	-22.2
3201	-21.8
3202	-22.1
3203	-22.7
3204	-23.1
3205	-22.9
3206	-22.4
3207	-21.7
3208	-22.1
3209	-22.6
3210	-22.7
3211	-22.7
3212	-22.5
3213	-22.1
3214	-22.5
3215	-22.6
3216	-22.8
3217	-22.8
3218	-22.6
3219	-22.3
3220	-22.1
3221	-22.0
3222	-21.2
3223	-19.3
3224	-21.4
3225	-21.8
3226	-21.4
3227	-21.3
3228	-20.6
3229	-20.7
3230	-20.8
3231	-21.0
3232	-15.2
3233	11.1
3234	45.2
3235	50.8
3236	12.1
3237	90.3
3238	402.3
3239	779.9
3240	973.9
3241	941.7
3242	889.5
3243	1051.4
3244	1398.4
3245	1676.5
3246	1683.2
3247	1591.8
3248	1622.4
3249	1885.3
3250	2183.3
3251	2220.7
3252	2109.9
3253	2057.3
3254	2269.6
3255	2605.6
3256	2714.2
3257	2588.5
3258	2446.3
3259	2541.7
3260	2849.8
3261	3055.0
3262	2965.1
3263	2784.2
3264	2747.4
3265	2983.6
3266	3275.8
3267	3282.6
3268	3100.7
3269	2952.1
3270	3079.7
3271	3395.3
3272	3545.7
3273	3407.1
3274	3204.4
3275	3200.8
3276	3466.6
3277	3723.4
3278	3663.6
3279	3450.5
3280	3319.4
3281	3481.3
3282	3790.2
3283	3876.2
3284	3697.0
3285	3483.5
3286	3502.3
3287	3776.1
3288	4006.5
3289	3917.6
3290	3685.9
3291	3554.7
3292	3720.0
3293	4021.5
3294	4090.9
3295	3897.4
3296	3673.6
3297	3689.9
3298	3963.1
3299	4190.5
3300	4099.3
3301	3861.2
3302	3728.1
3303	3898.6
3304	4202.0
3305	4260.4
3306	4059.0
3307	3836.0
3308	3867.1
3309	4146.5
3310	4357.1
3311	4242.6
3312	3991.0
3313	3863.5
3314	4045.3
3315	4346.6
3316	4385.8
3317	4170.4
3318	3941.7
3319	3977.1
3320	4260.6
3321	4466.2
3322	4346.8
3323	4091.3
3324	3966.2
3325	4147.0
3326	4441.7
3327	4481.1
3328	4265.4
3329	4029.2
3330	4054.2
3331	4331.5
3332	4542.1
3333	4426.5
3334	4168.3
3335	4036.0
3336	4214.7
3337	4510.0
3338	4550.2
3339	4330.9
3340	4090.0
3341	4106.7
3342	4380.1
3343	4599.8
3344	4490.6
3345	4227.8
3346	4075.5
3347	4235.6
3348	4537.0
3349	4606.0
3350	4399.8
3351	4156.7
3352	4164.8
3353	4437.9
3354	4663.1
3355	4562.7
3356	4302.7
3357	4153.9
3358	4317.2
3359	4615.5
3360	4669.6
3361	4450.6
3362	4195.5
3363	4184.6
3364	4440.9
3365	4674.7
3366	4588.4
3367	4329.0
3368	4145.7
3369	4271.4
3370	4572.0
3371	4680.3
3372	4490.0
3373	4232.9
3374	4190.3
3375	4431.3
3376	4686.0
3377	4628.1
3378	4374.6
3379	4171.8
3380	4267.2
3381	4563.3
3382	4707.3
3383	4538.5
3384	4272.1
3385	4190.8
3386	4413.1
3387	4694.4
3388	4677.2
3389	4436.5
3390	4229.6
3391	4319.8
3392	4614.0
3393	4758.6
3394	4587.2
3395	4313.9
3396	4215.4
3397	4422.7
3398	4708.4
3399	4711.8
3400	4473.7
3401	4239.3
3402	4288.7
3403	4572.4
3404	4755.3
3405	4613.6
3406	4347.4
3407	4231.9
3408	4424.9
3409	4712.9
3410	4738.3
3411	4507.8
3412	4257.2
3413	4269.3
3414	4542.9
3415	4764.8
3416	4657.4
3417	4390.6
3418	4230.7
3419	4385.3
3420	4686.3
3421	4760.0
3422	4553.4
3423	4300.7
3424	4291.7
3425	4555.5
3426	4791.8
3427	4701.8
3428	4437.6
3429	4267.3
3430	4409.4
3431	4711.1
3432	4799.9
3433	4598.0
3434	4340.8
3435	4319.4
3436	4574.0
3437	4814.1
3438	4735.7
3439	4473.3
3440	4276.5
3441	4388.1
3442	4687.7
3443	4815.8
3444	4634.1
3445	4364.8
3446	4296.6
3447	4522.1
3448	4789.1
3449	4760.9
3450	4515.0
3451	4298.1
3452	4376.5
3453	4667.2
3454	4825.9
3455	4665.3
3456	4393.7
3457	4288.3
3458	4489.8
3459	4777.2
3460	4787.3
3461	4550.7
3462	4313.9
3463	4354.5
3464	4636.5
3465	4831.9
3466	4703.0
3467	4435.9
3468	4303.9
3469	4483.0
3470	4776.8
3471	4820.7
3472	4600.0
3473	4353.3
3474	4370.2
3475	4648.5
3476	4867.7
3477	4757.3
3478	4486.9
3479	4333.6
3480	4495.2
3481	4793.4
3482	4856.0
3483	4644.1
3484	4394.7
3485	4398.5
3486	4665.5
3487	4887.8
3488	4784.8
3489	4516.1
3490	4348.1
3491	4492.2
3492	4788.5
3493	4873.9
3494	4670.5
3495	4402.8
3496	4357.9
3497	4597.5
3498	4854.4
3499	4805.8
3500	4554.8
3501	4358.2
3502	4466.6
3503	4765.2
3504	4892.8
3505	4716.9
3506	4454.0
3507	4401.0
3508	4641.7
3509	4904.3
3510	4857.6
3511	4601.5
3512	4397.2
3513	4499.6
3514	4798.7
3515	4932.9
3516	4755.3
3517	4487.0
3518	4417.6
3519	4641.6
3520	4910.3
3521	4884.2
3522	4637.0
3523	4427.6
3524	4520.1
3525	4816.7
3526	4962.6
3527	4796.1
3528	4527.2
3529	4446.4
3530	4664.6
3531	4936.8
3532	4913.2
3533	4665.9
3534	4448.8
3535	4527.4
3536	4819.6
3537	4974.9
3538	4813.3
3539	4540.9
3540	4443.8
3541	4652.9
3542	4934.3
3543	4932.0
3544	4689.2
3545	4458.6
3546	4518.1
3547	4806.7
3548	4980.6
3549	4831.2
3550	4556.1
3551	4432.8
3552	4619.6
3553	4906.8
3554	4932.4
3555	4701.1
3556	4450.6
3557	4465.4
3558	4734.6
3559	4948.5
3560	4841.3
3561	4573.7
3562	4411.2
3563	4559.1
3564	4853.0
3565	4931.1
3566	4727.0
3567	4467.5
3568	4445.7
3569	4705.1
3570	4948.9
3571	4868.6
3572	4604.1
3573	4428.0
3574	4564.3
3575	4862.6
3576	4959.3
3577	4762.0
3578	4495.1
3579	4454.3
3580	4701.4
3581	4956.4
3582	4898.1
3583	4639.1
3584	4444.5
3585	4559.4
3586	4857.8
3587	4976.2
3588	4790.3
3589	4523.8
3590	4470.4
3591	4708.9
3592	4970.6
3593	4924.5
3594	4668.7
3595	4461.2
3596	4559.6
3597	4858.1
3598	4995.1
3599	4820.7
3600	4549.6
3601	4478.4
3602	4708.0
3603	4979.6
3604	4949.2
3605	4697.1
3606	4485.4
3607	4575.8
3608	4869.9
3609	5012.4
3610	4841.8
3611	4570.2
3612	4487.0
3613	4705.0
3614	4980.3
3615	4966.8
3616	4720.7
3617	4495.1
3618	4562.6
3619	4851.6
3620	5018.1
3621	4863.9
3622	4589.4
3623	4481.5
3624	4679.5
3625	4962.6
3626	4971.4
3627	4731.9
3628	4492.4
3629	4534.5
3630	4818.8
3631	5010.2
3632	4839.7
3633	4439.8
3634	4018.4
3635	3662.8
3636	3371.9
3637	3123.2
3638	2888.3
3639	2645.8
3640	2392.1
3641	2138.7
3642	1905.0
3643	1701.6
3644	1536.1
3645	1401.0
3646	1281.7
3647	1166.5
3648	1049.1
3649	929.1
3650	814.9
3651	715.3
3652	634.5
3653	571.8
3654	521.8
3655	478.4
3656	434.0
3657	386.9
3658	339.5
3659	296.3
3660	261.0
3661	234.5
3662	214.9
3663	199.4
3664	184.1
3665	168.4
3666	150.7
3667	133.1
3668	118.2
3669	106.6
3670	98.5
3671	92.9
3672	87.5
3673	82.0
3674	75.8
3675	69.4
3676	63.0
3677	56.9
3678	51.8
3679	48.9
3680	47.3
3681	45.2
3682	42.3
3683	39.3
3684	36.2
3685	33.8
3686	31.3
3687	29.2
3688	27.7
3689	27.2
3690	25.9
3691	24.2
3692	22.0
3693	20.3
3694	19.5
3695	18.7
3696	18.0
3697	17.3
3698	17.4
3699	16.7
3700	15.1
3701	13.1
3702	12.2
3703	11.6
3704	11.1
3705	10.1
3706	9.6
3707	10.0
3708	10.2
3709	8.8
3710	7.2
3711	6.4
3712	5.6
3713	5.2
3714	4.9
3715	4.6
3716	4.1
3717	3.2
3718	2.7
3719	2.7
3720	2.2
3721	1.6
3722	1.5
3723	1.1
3724	0.3
3725	-0.1
3726	-0.2
3727	-0.5
3728	-1.0
3729	-1.4
3730	-2.1
3731	-2.3
3732	-2.2
3733	-3.0
3734	-3.3
3735	-3.2
3736	-1.6
3737	-0.6
3738	-2.2
3739	-3.2
3740	-4.5
3741	-4.7
3742	-5.5
3743	-5.7
3744	-6.2
3745	-6.3
3746	-6.2
3747	-6.9
3748	-7.5
3749	-8.0
3750	-7.8
3751	-7.7
3752	-7.9
3753	-8.6
3754	-9.1
3755	-9.3
3756	-9.3
3757	-9.5
3758	-9.3
3759	-8.9
3760	-8.3
3761	-8.5
3762	-8.9
3763	-9.6
3764	-10.5
3765	-11.2
3766	-10.4
3767	-9.9
3768	-9.8
3769	-10.9
3770	-11.3
3771	-11.4
3772	-11.5
3773	-12.0
3774	-12.9
3775	-12.9
3776	-11.7
3777	-10.8
3778	-11.4
3779	-13.0
3780	-14.1
3781	-14.8
3782	-14.2
3783	-13.7
3784	-13.9
3785	-13.9
3786	-13.8
3787	-14.2
3788	-14.4
3789	-14.7
3790	-14.8
3791	-15.4
3792	-15.5
3793	-15.8
3794	-16.1
3795	-16.0
3796	-15.9
3797	-15.7
3798	-14.9
3799	-14.6
3800	-15.8
3801	-17.0
3802	-17.5
3803	-16.8
3804	-16.5
3805	-17.4
3806	-18.2
3807	-18.1
3808	-17.7
3809	-17.2
3810	-17.2
3811	-17.2
3812	-16.8
3813	-16.9
3814	-18.0
3815	-18.7
3816	-18.3
3817	-18.1
3818	-18.6
3819	-19.1
3820	-19.5
3821	-19.8
3822	-19.7
3823	-19.5
3824	-19.1
3825	-18.7
3826	-19.5
3827	-20.3
3828	-20.3
3829	-20.3
3830	-20.2
3831	-19.8
3832	-20.0
3833	-20.0
3834	-20.0
3835	-20.8
3836	-20.1
3837	-19.5
3838	-19.8
3839	-20.5
3840	-20.1
3841	-20.0
3842	-20.8
3843	-21.4
3844	-21.8
3845	-21.6
3846	-21.2
3847	-21.0
3848	-21.1
3849	-21.0
3850	-21.5
3851	-21.6
3852	-21.6
3853	-21.3
3854	-22.3
3855	-22.7
3856	-22.1
3857	-21.5
3858	-21.8
3859	-21.9
3860	-22.4
3861	-22.5
3862	-22.6
3863	-22.1
3864	-21.0
3865	-20.9
3866	-21.2
3867	-21.2
3868	-20.5
3869	-21.1
3870	-22.2
3871	-22.8
3872	-23.2
3873	-22.5
3874	-22.6
3875	-23.0
3876	-23.1
3877	-23.1
3878	-23.2
3879	-23.0
3880	-23.5
3881	-23.8
3882	-23.3
3883	-23.5
3884	-23.4
3885	-23.6
3886	-23.8
3887	-23.9
3888	-23.4
3889	-22.2
3890	-22.0
3891	-22.9
3892	-22.8
3893	-22.9
3894	