-8.4
616	-8.5
617	-8.7
618	-8.6
619	-8.3
620	-7.9
621	-8.8
622	-10.6
623	-11.6
624	-11.3
625	-11.0
626	-11.1
627	-11.3
628	-9.9
629	-9.6
630	-11.1
631	-13.0
632	-13.8
633	-13.0
634	-12.0
635	-11.9
636	-12.1
637	-13.1
638	-13.8
639	-14.0
640	-14.0
641	-13.8
642	-13.1
643	-12.9
644	-13.6
645	-14.2
646	-14.7
647	-14.8
648	-15.3
649	-15.4
650	-13.6
651	-13.5
652	-15.1
653	-17.0
654	-16.7
655	-14.7
656	-13.0
657	-12.0
658	-13.0
659	-15.8
660	-15.2
661	-14.4
662	-15.1
663	-16.5
664	-16.5
665	-15.2
666	-13.9
667	-13.9
668	-15.0
669	-16.0
670	-15.6
671	-15.9
672	-16.9
673	-17.1
674	-17.3
675	-16.6
676	-15.7
677	-16.4
678	-17.5
679	-17.2
680	-17.1
681	-17.3
682	-16.9
683	-17.1
684	-17.0
685	-17.2
686	-17.3
687	-17.3
688	-17.8
689	-18.6
690	-19.0
691	-18.0
692	-17.2
693	-17.9
694	-18.5
695	-18.3
696	-18.1
697	-16.9
698	-14.8
699	-16.7
700	-19.0
701	-19.2
702	-19.0
703	-17.9
704	-16.7
705	-17.2
706	-17.8
707	-18.5
708	-18.6
709	-18.6
710	-19.0
711	-19.7
712	-19.5
713	-18.4
714	-18.2
715	-19.3
716	-19.7
717	-19.4
718	-19.3
719	-18.8
720	-18.0
721	-18.2
722	-18.9
723	-19.0
724	-19.1
725	-19.6
726	-19.3
727	-19.5
728	-19.8
729	-19.7
730	-19.8
731	-19.9
732	-19.7
733	-19.7
734	-20.3
735	-20.8
736	-20.0
737	-18.7
738	-18.7
739	-19.7
740	-19.5
741	-19.4
742	-19.4
743	-19.6
744	-20.4
745	-21.0
746	-20.8
747	-20.3
748	-20.5
749	-20.6
750	-20.8
751	-21.0
752	-20.8
753	-20.4
754	-20.1
755	-20.0
756	-20.3
757	-20.2
758	-20.2
759	-20.4
760	-20.8
761	-20.7
762	-21.0
763	-21.3
764	-21.0
765	-19.7
766	-17.9
767	-19.2
768	-19.5
769	-19.9
770	-20.8
771	-21.1
772	-19.8
773	-19.6
774	-19.6
775	-19.2
776	-19.6
777	-19.5
778	-20.3
779	-20.8
780	-20.2
781	-20.3
782	-21.0
783	-21.5
784	-22.5
785	-22.4
786	-21.7
787	-20.8
788	-20.8
789	-20.9
790	-21.5
791	-21.5
792	-21.7
793	-22.2
794	-22.1
795	-22.0
796	-21.3
797	-20.8
798	-20.7
799	-20.4
800	-20.5
801	-20.8
802	-19.9
803	-19.6
804	-20.7
805	-22.4
806	-22.6
807	-22.4
808	-22.0
809	-21.6
810	-22.3
811	-22.5
812	-22.0
813	-22.1
814	-22.4
815	-22.2
816	-22.1
817	-21.8
818	-21.5
819	-22.0
820	-22.4
821	-22.0
822	-21.7
823	-22.2
824	-22.2
825	-21.7
826	-22.0
827	-21.4
828	-19.6
829	-20.6
830	-23.6
831	-24.7
832	-29.5
833	-68.7
834	-44.9
835	213.8
836	569.9
837	852.8
838	946.0
839	996.7
840	1234.7
841	1608.6
842	1842.5
843	1878.5
844	1918.4
845	2177.5
846	2523.4
847	2643.3
848	2579.7
849	2592.6
850	2869.1
851	3188.4
852	3246.0
853	3146.5
854	3170.9
855	3454.5
856	3726.8
857	3715.2
858	3577.3
859	3622.4
860	3926.2
861	4167.3
862	4112.0
863	3952.6
864	4004.5
865	4304.4
866	4512.0
867	4423.3
868	4251.3
869	4316.5
870	4620.4
871	4804.8
872	4689.8
873	4504.4
874	4571.0
875	4872.1
876	5041.7
877	4912.2
878	4716.5
879	4778.1
880	5074.5
881	5238.5
882	5100.0
883	4889.6
884	4936.9
885	5229.0
886	5403.0
887	5270.5
888	5052.3
889	5085.5
890	5371.3
891	5550.3
892	5417.5
893	5191.5
894	5219.4
895	5506.0
896	5687.1
897	5553.3
898	5318.1
899	5330.4
900	5609.4
901	5797.9
902	5669.7
903	5424.8
904	5414.2
905	5685.7
906	5888.3
907	5769.1
908	5516.8
909	5485.9
910	5748.7
911	5968.5
912	5872.6
913	5623.7
914	5577.2
915	5827.6
916	6050.7
917	5958.4
918	5719.4
919	5705.2
920	5997.9
921	6223.0
922	6113.9
923	5879.6
924	5913.6
925	6214.0
926	6375.1
927	6213.3
928	5982.9
929	6048.4
930	6346.2
931	6467.0
932	6273.6
933	6038.5
934	6113.8
935	6410.0
936	6524.3
937	6328.8
938	6088.6
939	6154.7
940	6446.9
941	6562.3
942	6369.0
943	6132.5
944	6204.6
945	6500.0
946	6616.3
947	6424.6
948	6200.8
949	6291.0
950	6587.0
951	6679.6
952	6465.4
953	6229.5
954	6310.6
955	6600.5
956	6701.0
957	6496.5
958	6252.1
959	6314.4
960	6599.6
961	6713.8
962	6516.1
963	6262.3
964	6304.3
965	6586.1
966	6720.6
967	6537.4
968	6273.2
969	6293.5
970	6577.1
971	6736.0
972	6573.6
973	6342.8
974	6412.3
975	6724.1
976	6859.1
977	6678.3
978	6488.4
979	6635.6
980	6941.5
981	6989.6
982	6755.6
983	6594.6
984	6770.6
985	7042.5
986	7026.6
987	6756.7
988	6586.3
989	6760.6
990	7033.5
991	7021.5
992	6752.5
993	6575.3
994	6749.8
995	7027.8
996	7015.9
997	6753.0
998	6592.6
999	6777.3
1000	7051.6
1001	7034.6
1002	6765.5
1003	6594.7
1004	6774.6
1005	7054.4
1006	7043.6
1007	6772.6
1008	6590.1
1009	6753.0
1010	7028.4
1011	7029.7
1012	6766.3
1013	6570.3
1014	6715.7
1015	6995.5
1016	7016.3
1017	6760.4
1018	6542.5
1019	6662.4
1020	6945.2
1021	6994.3
1022	6757.3
1023	6545.6
1024	6671.2
1025	6968.5
1026	7028.6
1027	6789.8
1028	6557.2
1029	6657.4
1030	6946.7
1031	7025.6
1032	6798.3
1033	6553.2
1034	6634.6
1035	6924.9
1036	7019.5
1037	6804.6
1038	6553.5
1039	6615.3
1040	6901.7
1041	7016.9
1042	6813.7
1043	6550.5
1044	6588.0
1045	6873.0
1046	7012.7
1047	6825.9
1048	6553.0
1049	6561.8
1050	6835.9
1051	6995.8
1052	6828.4
1053	6542.2
1054	6512.4
1055	6779.1
1056	6974.9
1057	6835.6
1058	6540.2
1059	6463.9
1060	6707.6
1061	6936.7
1062	6842.5
1063	6579.6
1064	6532.1
1065	6811.6
1066	7039.9
1067	6922.3
1068	6653.3
1069	6635.9
1070	6916.7
1071	7107.7
1072	6960.7
1073	6682.4
1074	6663.4
1075	6934.2
1076	7115.9
1077	6965.2
1078	6701.9
1079	6714.3
1080	7008.5
1081	7175.8
1082	7007.8
1083	6760.8
1084	6813.9
1085	7114.1
1086	7245.0
1087	7047.8
1088	6783.6
1089	6825.1
1090	7111.5
1091	7238.2
1092	7041.0
1093	6776.7
1094	6813.8
1095	7100.5
1096	7239.3
1097	7054.9
1098	6795.4
1099	6832.8
1100	7113.5
1101	7242.3
1102	7051.0
1103	6785.9
1104	6815.3
1105	7098.9
1106	7241.9
1107	7056.9
1108	6777.0
1109	6777.5
1110	7052.5
1111	7217.8
1112	7052.6
1113	6771.2
1114	6751.9
1115	7014.3
1116	7192.8
1117	7043.6
1118	6756.5
1119	6713.1
1120	6972.2
1121	7173.8
1122	7044.8
1123	6754.4
1124	6681.9
1125	6931.6
1126	7156.9
1127	7053.8
1128	6767.8
1129	6682.3
1130	6919.3
1131	7149.8
1132	7058.7
1133	6772.8
1134	6664.1
1135	6884.4
1136	7131.3
1137	7062.2
1138	6775.5
1139	6631.4
1140	6824.7
1141	7085.8
1142	7046.6
1143	6766.4
1144	6594.8
1145	6769.6
1146	7047.3
1147	7042.0
1148	6771.1
1149	6563.3
1150	6702.1
1151	6992.8
1152	7033.5
1153	6785.1
1154	6554.0
1155	6658.2
1156	6948.3
1157	7023.8
1158	6797.2
1159	6550.7
1160	6622.4
1161	6910.5
1162	7016.9
1163	6806.1
1164	6532.3
1165	6557.0
1166	6842.1
1167	6998.7
1168	6826.5
1169	6548.2
1170	6536.8
1171	6807.4
1172	6990.4
1173	6843.9
1174	6558.7
1175	6512.1
1176	6768.6
1177	6979.5
1178	6863.5
1179	6578.8
1180	6498.2
1181	6739.3
1182	6972.9
1183	6879.5
1184	6591.1
1185	6474.4
1186	6691.9
1187	6944.8
1188	6885.0
1189	6598.8
1190	6428.8
1191	6603.6
1192	6886.4
1193	6887.0
1194	6622.8
1195	6419.6
1196	6557.7
1197	6845.8
1198	6887.9
1199	6644.5
1200	6413.9
1201	6511.9
1202	6802.8
1203	6889.2
1204	6667.3
1205	6406.2
1206	6453.6
1207	6744.4
1208	6887.5
1209	6709.5
1210	6446.3
1211	6463.0
1212	6738.5
1213	6899.9
1214	6739.1
1215	6469.5
1216	6464.3
1217	6746.8
1218	6934.0
1219	6786.6
1220	6504.9
1221	6464.6
1222	6724.9
1223	6934.6
1224	6817.8
1225	6541.2
1226	6481.0
1227	6731.5
1228	6952.1
1229	6846.0
1230	6563.9
1231	6477.6
1232	6658.3
1233	6645.0
1234	6316.3
1235	5926.4
1236	5551.1
1237	5199.5
1238	4871.2
1239	4556.7
1240	4246.3
1241	3934.6
1242	3625.3
1243	3325.1
1244	3042.8
1245	2786.6
1246	2556.2
1247	2346.8
1248	2152.0
1249	1964.8
1250	1783.7
1251	1611.4
1252	1451.4
1253	1307.5
1254	1181.5
1255	1071.3
1256	973.0
1257	882.2
1258	796.8
1259	716.2
1260	641.9
1261	575.6
1262	517.9
1263	468.4
1264	426.3
1265	388.7
1266	353.4
1267	320.5
1268	290.5
1269	262.8
1270	238.0
1271	217.1
1272	199.4
1273	184.3
1274	170.4
1275	157.6
1276	145.5
1277	133.7
1278	123.5
1279	116.1
1280	108.8
1281	101.5
1282	95.8
1283	90.1
1284	84.2
1285	79.3
1286	74.4
1287	70.2
1288	65.9
1289	62.5
1290	59.6
1291	56.7
1292	54.1
1293	51.8
1294	49.8
1295	48.6
1296	46.7
1297	44.8
1298	42.7
1299	40.3
1300	38.3
1301	36.1
1302	34.5
1303	33.7
1304	32.2
1305	30.7
1306	29.4
1307	28.6
1308	27.9
1309	27.0
1310	25.8
1311	25.0
1312	24.2
1313	23.1
1314	21.7
1315	20.9
1316	20.5
1317	20.4
1318	19.5
1319	18.5
1320	18.9
1321	19.1
1322	17.7
1323	16.0
1324	14.9
1325	14.5
1326	14.1
1327	13.1
1328	12.5
1329	11.6
1330	11.0
1331	10.5
1332	10.5
1333	10.3
1334	10.1
1335	9.6
1336	9.1
1337	8.4
1338	7.6
1339	7.5
1340	7.3
1341	6.7
1342	5.9
1343	5.3
1344	4.6
1345	4.2
1346	4.0
1347	4.0
1348	4.5
1349	4.2
1350	4.0
1351	4.0
1352	3.0
1353	1.4
1354	0.8
1355	1.1
1356	1.2
1357	0.6
1358	-0.1
1359	-0.6
1360	-1.0
1361	-1.7
1362	-2.6
1363	-3.3
1364	-2.7
1365	-2.3
1366	-3.1
1367	-3.7
1368	-3.7
1369	-4.2
1370	-5.0
1371	-5.4
1372	-5.7
1373	-5.7
1374	-6.1
1375	-6.7
1376	-6.8
1377	-6.5
1378	-5.5
1379	-5.6
1380	-5.9
1381	-5.7
1382	-6.2
1383	-8.0
1384	-9.0
1385	-9.0
1386	-8.7
1387	-8.6
1388	-8.6
1389	-9.4
1390	-10.0
1391	-10.0
1392	-10.6
1393	-11.0
1394	-11.2
1395	-11.4
1396	-11.8
1397	-11.6
1398	-12.3
1399	-11.9
1400	-11.4
1401	-11.9
1402	-12.7
1403	-13.2
1404	-13.4
1405	-13.9
1406	-14.3
1407	-14.3
1408	-15.2
1409	-15.0
1410	-14.7
1411	-14.9
1412	-15.5
1413	-15.7
1414	-15.3
1415	-15.6
1416	-16.3
1417	-16.2
1418	-15.5
1419	-14.6
1420	-14.7
1421	-15.7
1422	-16.3
1423	-16.8
1424	-17.5
1425	-17.5
1426	-17.2
1427	-17.1
1428	-17.6
1429	-17.9
1430	-18.4
1431	-18.6
1432	-18.3
1433	-18.2
1434	-18.5
1435	-18.7
1436	-18.8
1437	-19.2
1438	-19.6
1439	-19.4
1440	-19.5
1441	-19.4
1442	-19.0
1443	-19.1
1444	-19.9
1445	-20.5
1446	-20.2
1447	-19.2
1448	-17.6
1449	-18.9
1450	-18.5
1451	-18.8
1452	-19.2
1453	-19.6
1454	-20.5
1455	-20.5
1456	-20.9
1457	-21.2
1458	-21.1
1459	-20.9
1460	-20.5
1461	-21.0
1462	-21.4
1463	-21.6
1464	-22.3
1465	-22.3
1466	-23.2
1467	-23.8
1468	-24.0
1469	-23.6
1470	-22.6
1471	-21.6
1472	-21.1
1473	-20.4
1474	-20.6
1475	-22.0
1476	-23.5
1477	-23.7
1478	-23.3
1479	-22.9
1480	-22.7
1481	-22.5
1482	-22.9
1483	-23.5
1484	-24.2
1485	-24.3
1486	-24.3
1487	-23.4
1488	-22.6
1489	-22.7
1490	-23.4
1491	-23.3
1492	-23.8
1493	-24.4
1494	-24.3
1495	-24.3
1496	-23.8
1497	-23.8
1498	-24.1
1499	-24.4
1500	-24.4
1501	-23.9
1502	-21.8
1503	-22.2
1504	-22.1
1505	-22.0
1506	-23.8
1507	-24.7
1508	-24.8
1509	-24.7
1510	-24.7
1511	-24.9
1512	-24.7
1513	-25.0
1514	-25.0
1515	-24.6
1516	-24.6
1517	-24.7
1518	-25.0
1519	-25.3
1520	-25.5
1521	-25.4
1522	-26.0
1523	-25.9
1524	-25.6
1525	-25.9
1526	-25.9
1527	-25.6
1528	-24.4
1529	-24.0
1530	-24.9
1531	-25.7
1532	-25.8
1533	-25.8
1534	-25.0
1535	-24.5
1536	-24.8
1537	-25.4
1538	-25.8
1539	-25.8
1540	-26.0
1541	-25.8
1542	-25.8
1543	-26.1
1544	-26.7
1545	-26.7
1546	-26.5
1547	-26.1
1548	-26.5
1549	-27.0
1550	-26.4
1551	-25.8
1552	-26.0
1553	-26.9
1554	-27.2
1555	-26.2
1556	-25.4
1557	-25.0
1558	-25.1
1559	-25.4
1560	-26.1
1561	-26.2
1562	-25.8
1563	-26.0
1564	-25.4
1565	-25.1
1566	-26.0
1567	-26.7
1568	-26.6
1569	-26.6
1570	-25.4
1571	-25.0
1572	-25.2
1573	-26.0
1574	-26.9
1575	-26.9
1576	-26.9
1577	-27.1
1578	-26.7
1579	-26.1
1580	-25.2
1581	-25.3
1582	-26.0
1583	-27.0
1584	-27.4
1585	-27.4
1586	-27.3
1587	-27.6
1588	-27.5
1589	-26.8
1590	-26.7
1591	-27.4
1592	-27.8
1593	-27.6
1594	-27.2
1595	-27.6
1596	-27.8
1597	-27.8
1598	-27.5
1599	-26.6
1600	-26.4
1601	-27.3
1602	-27.6
1603	-26.1
1604	-25.6
1605	-26.6
1606	-27.8
1607	-27.5
1608	-25.8
1609	-25.0
1610	-26.4
1611	-27.8
1612	-28.1
1613	-28.4
1614	-28.7
1615	-28.6
1616	-27.7
1617	-27.4
1618	-27.8
1619	-27.8
1620	-27.5
1621	-26.7
1622	-26.7
1623	-27.3
1624	-27.8
1625	-26.9
1626	-25.8
1627	-26.8
1628	-28.4
1629	-28.4
1630	-28.2
1631	-27.3
1632	-14.5
1633	35.6
1634	88.0
1635	107.5
1636	134.9
1637	384.6
1638	812.8
1639	1133.0
1640	1196.1
1641	1203.1
1642	1427.0
1643	1822.9
1644	2043.1
1645	2039.4
1646	2045.4
1647	2302.8
1648	2669.0
1649	2770.1
1650	2672.3
1651	2663.4
1652	2948.1
1653	3288.4
1654	3338.1
1655	3224.4
1656	3254.3
1657	3567.7
1658	3835.6
1659	3790.0
1660	3648.8
1661	3742.1
1662	4099.2
1663	4304.8
1664	4197.6
1665	4048.7
1666	4183.5
1667	4519.5
1668	4632.3
1669	4464.1
1670	4311.8
1671	4472.1
1672	4806.0
1673	4888.3
1674	4697.7
1675	4538.4
1676	4701.0
1677	5024.0
1678	5086.3
1679	4889.9
1680	4747.1
1681	4931.3
1682	5245.8
1683	5281.8
1684	5067.1
1685	4920.0
1686	5100.7
1687	5407.2
1688	5435.1
1689	5208.9
1690	5046.9
1691	5214.2
1692	5519.6
1693	5560.9
1694	5349.1
1695	5219.4
1696	5428.5
1697	5735.2
1698	5735.3
1699	5495.2
1700	5363.8
1701	5569.1
1702	5859.3
1703	5843.8
1704	5595.0
1705	5454.8
1706	5650.9
1707	5938.7
1708	5927.0
1709	5679.2
1710	5541.2
1711	5743.4
1712	6031.2
1713	6017.1
1714	5764.3
1715	5614.1
1716	5805.3
1717	6093.4
1718	6086.6
1719	5835.1
1720	5676.9
1721	5863.5
1722	6157.6
1723	6162.3
1724	5925.8
1725	5798.4
1726	6008.2
1727	6287.6
1728	6265.0
1729	6014.4
1730	5896.7
1731	6117.3
1732	6385.5
1733	6343.7
1734	6085.0
1735	5968.1
1736	6186.1
1737	6451.3
1738	6407.0
1739	6148.1
1740	6037.5
1741	6258.4
1742	6515.3
1743	6457.6
1744	6193.1
1745	6085.9
1746	6311.3
1747	6566.4
1748	6504.2
1749	6230.6
1750	6106.5
1751	6319.6
1752	6580.5
1753	6531.9
1754	6261.3
1755	6118.6
1756	6313.0
1757	6579.6
1758	6544.9
1759	6271.5
1760	6092.2
1761	6256.2
1762	6542.8
1763	6552.2
1764	6293.6
1765	6076.1
1766	6192.7
1767	6484.2
1768	6548.4
1769	6318.5
1770	6078.5
1771	6154.7
1772	6442.4
1773	6546.3
1774	6340.7
1775	6078.5
1776	6105.8
1777	6387.8
1778	6540.5
1779	6369.8
1780	6109.3
1781	6114.2
1782	6398.1
1783	6588.3
1784	6453.6
1785	6203.2
1786	6216.7
1787	6500.1
1788	6670.4
1789	6521.5
1790	6284.3
1791	6329.2
1792	6627.8
1793	6764.4
1794	6571.4
1795	6310.7
1796	6345.4
1797	6644.1
1798	6799.0
1799	6625.4
1800	6360.7
1801	6377.9
1802	6659.5
1803	6810.9
1804	6638.5
1805	6374.3
1806	6381.7
1807	6657.4
1808	6821.7
1809	6656.8
1810	6372.0
1811	6335.4
1812	6599.5
1813	6800.9
1814	6666.1
1815	6373.5
1816	6286.7
1817	6522.6
1818	6755.8
1819	6665.4
1820	6378.9
1821	6243.7
1822	6444.6
1823	6709.7
1824	6679.1
1825	6411.3
1826	6238.8
1827	6404.0
1828	6682.8
1829	6687.8
1830	6432.7
1831	6234.7
1832	6372.0
1833	6656.3
1834	6697.7
1835	6457.5
1836	6227.5
1837	6321.8
1838	6614.8
1839	6707.3
1840	6494.6
1841	6238.9
1842	6285.2
1843	6579.1
1844	6715.6
1845	6526.0
1846	6255.5
1847	6265.0
1848	6544.0
1849	6715.2
1850	6559.8
1851	6277.5
1852	6233.5
1853	6495.3
1854	6706.7
1855	6587.0
1856	6322.1
1857	6284.4
1858	6554.7
1859	6768.5
1860	6643.0
1861	6354.0
1862	6271.5
1863	6521.3
1864	6764.9
1865	6671.3
1866	6380.5
1867	6253.9
1868	6466.0
1869	6725.7
1870	6674.6
1871	6396.2
1872	6230.3
1873	6409.9
1874	6692.5
1875	6690.0
1876	6428.8
1877	6231.2
1878	6373.6
1879	6665.7
1880	6705.3
1881	6458.1
1882	6224.5
1883	6320.0
1884	6614.0
1885	6703.6
1886	6485.0
1887	6226.6
1888	6276.2
1889	6567.1
1890	6703.3
1891	6514.6
1892	6237.6
1893	6230.8
1894	6506.5
1895	6693.4
1896	6547.1
1897	6265.4
1898	6220.4
1899	6493.4
1900	6717.5
1901	6604.5
1902	6327.8
1903	6261.4
1904	6511.3
1905	6738.1
1906	6632.5
1907	6344.4
1908	6226.5
1909	6445.1
1910	6711.0
1911	6664.4
1912	6391.8
1913	6245.4
1914	6444.1
1915	6722.4
1916	6694.9
1917	6426.0
1918	6254.4
1919	6428.1
1920	6716.0
1921	6719.5
1922	6457.1
1923	6251.3
1924	6389.1
1925	6688.7
1926	6733.3
1927	6487.8
1928	6246.3
1929	6332.9
1930	6634.0
1931	6732.7
1932	6517.9
1933	6257.2
1934	6298.8
1935	6592.0
1936	6734.5
1937	6550.0
1938	6273.3
1939	6267.3
1940	6551.3
1941	6737.0
1942	6582.6
1943	6296.5
1944	6245.3
1945	6506.7
1946	6729.3
1947	6616.5
1948	6331.9
1949	6240.7
1950	6480.0
1951	6727.4
1952	6647.1
1953	6364.2
1954	6232.8
1955	6442.7
1956	6714.9
1957	6677.0
1958	6403.5
1959	6237.9
1960	6414.1
1961	6697.3
1962	6696.8
1963	6436.0
1964	6232.5
1965	6368.7
1966	6663.9
1967	6712.2
1968	6470.1
1969	6227.2
1970	6308.3
1971	6609.1
1972	6723.6
1973	6523.8
1974	6276.3
1975	6329.5
1976	6615.0
1977	6742.6
1978	6551.5
1979	6279.4
1980	6284.5
1981	6569.7
1982	6752.3
1983	6597.5
1984	6312.7
1985	6267.8
1986	6525.8
1987	6739.9
1988	6626.2
1989	6340.6
1990	6243.0
1991	6472.0
1992	6719.1
1993	6648.4
1994	6368.5
1995	6225.3
1996	6420.5
1997	6695.1
1998	6674.4
1999	6404.8
2000	6214.2
2001	6374.7
2002	6673.6
2003	6704.6
2004	6456.7
2005	6246.7
2006	6368.3
2007	6660.3
2008	6723.2
2009	6489.9
2010	6241.2
2011	6309.3
2012	6599.1
2013	6720.4
2014	6526.4
2015	6272.4
2016	6320.0
2017	6617.5
2018	6763.0
2019	6580.8
2020	6301.7
2021	6283.9
2022	6549.8
2023	6743.4
2024	6608.8
2025	6322.9
2026	6248.4
2027	6496.6
2028	6734.9
2029	6646.4
2030	6367.5
2031	6256.0
2032	6406.3
2033	6380.3
2034	6073.6
2035	5715.9
2036	5371.1
2037	5044.2
2038	4732.0
2039	4429.6
2040	4129.6
2041	3829.3
2042	3532.3
2043	3245.3
2044	2976.4
2045	2729.6
2046	2505.0
2047	2298.8
2048	2105.8
2049	1920.9
2050	1743.6
2051	1576.5
2052	1423.1
2053	1284.3
2054	1161.7
2055	1053.1
2056	954.9
2057	864.7
2058	780.6
2059	702.0
2060	630.6
2061	566.4
2062	510.3
2063	462.1
2064	419.3
2065	380.7
2066	346.0
2067	313.8
2068	283.8
2069	256.5
2070	232.4
2071	212.0
2072	194.4
2073	178.9
2074	165.0
2075	152.4
2076	141.4
2077	131.4
2078	120.0
2079	111.3
2080	104.0
2081	97.4
2082	91.3
2083	84.5
2084	78.6
2085	73.9
2086	69.1
2087	64.3
2088	60.4
2089	57.7
2090	55.1
2091	52.1
2092	49.5
2093	46.7
2094	44.1
2095	42.0
2096	39.9
2097	38.1
2098	36.7
2099	34.8
2100	33.1
2101	31.8
2102	30.6
2103	28.2
2104	25.7
2105	25.0
2106	26.1
2107	26.7
2108	25.1
2109	22.6
2110	20.8
2111	20.3
2112	19.9
2113	18.6
2114	17.7
2115	17.1
2116	16.9
2117	16.1
2118	14.8
2119	13.5
2120	12.8
2121	12.4
2122	12.2
2123	11.6
2124	11.0
2125	10.1
2126	9.1
2127	8.5
2128	8.0
2129	8.7
2130	8.8
2131	8.5
2132	7.3
2133	6.1
2134	6.6
2135	6.3
2136	4.7
2137	3.5
2138	3.3
2139	3.2
2140	2.6
2141	1.6
2142	0.5
2143	0.3
2144	0.6
2145	0.7
2146	0.1
2147	-0.9
2148	-1.2
2149	-1.4
2150	-2.2
2151	-3.0
2152	-2.7
2153	-2.6
2154	-3.1
2155	-3.8
2156	-4.4
2157	-4.7
2158	-4.4
2159	-4.7
2160	-5.6
2161	-6.0
2162	-4.9
2163	-3.4
2164	-4.6
2165	-5.9
2166	-7.3
2167	-7.7
2168	-7.9
2169	-8.0
2170	-8.6
2171	-9.4
2172	-9.7
2173	-8.5
2174	-7.6
2175	-8.4
2176	-10.2
2177	-10.9
2178	-11.0
2179	-10.7
2180	-10.7
2181	-11.7
2182	-12.2
2183	-11.4
2184	-11.0
2185	-11.4
2186	-12.5
2187	-13.0
2188	-13.6
2189	-13.5
2190	-12.7
2191	-12.4
2192	-13.0
2193	-13.5
2194	-13.4
2195	-13.9
2196	-14.8
2197	-14.8
2198	-15.4
2199	-16.1
2200	-16.2
2201	-16.3
2202	-16.6
2203	-17.5
2204	-17.6
2205	-17.2
2206	-17.4
2207	-18.0
2208	-18.9
2209	-19.0
2210	-18.6
2211	-18.5
2212	-18.9
2213	-19.4
2214	-19.5
2215	-19.6
2216	-19.8
2217	-19.9
2218	-19.8
2219	-19.7
2220	-19.7
2221	-19.5
2222	-17.6
2223	-18.8
2224	-19.7
2225	-19.5
2226	-20.6
2227	-21.2
2228	-21.0
2229	-21.4
2230	-21.5
2231	-21.7
2232	-22.2
2233	-22.4
2234	-22.4
2235	-21.5
2236	-20.7
2237	-21.1
2238	-22.1
2239	-22.7
2240	-23.2
2241	-23.2
2242	-23.3
2243	-23.0
2244	-23.3
2245	-23.4
2246	-23.2
2247	-22.3
2248	-22.3
2249	-23.2
2250	-23.9
2251	-24.5
2252	-24.5
2253	-24.3
2254	-24.1
2255	-24.6
2256	-24.4
2257	-24.5
2258	-25.0
2259	-24.8
2260	-24.7
2261	-24.8
2262	-24.7
2263	-24.5
2264	-25.1
2265	-25.5
2266	-25.6
2267	-25.7
2268	-25.8
2269	-25.7
2270	-26.0
2271	-26.1
2272	-26.0
2273	-25.8
2274	-26.3
2275	-26.9
2276	-25.1
2277	-24.5
2278	-25.2
2279	-25.0
2280	-25.3
2281	-26.4
2282	-27.1
2283	-27.0
2284	-26.9
2285	-27.0
2286	-27.0
2287	-26.5
2288	-25.7
2289	-25.2
2290	-26.2
2291	-27.0
2292	-26.8
2293	-27.5
2294	-27.5
2295	-27.6
2296	-27.7
2297	-27.3
2298	-27.7
2299	-27.7
2300	-26.8
2301	-26.9
2302	-27.9
2303	-28.4
2304	-27.9
2305	-27.7
2306	-28.0
2307	-27.7
2308	-27.6
2309	-26.9
2310	-26.9
2311	-27.5
2312	-28.0
2313	-28.2
2314	-28.6
2315	-28.7
2316	-28.4
2317	-28.2
2318	-28.3
2319	-28.5
2320	-29.0
2321	-28.9
2322	-28.3
2323	-28.3
2324	-29.0
2325	-29.4
2326	-28.6
2327	-27.7
2328	-27.6
2329	-28.3
2330	-29.4
2331	-29.3
2332	-28.8
2333	-27.9
2334	-27.7
2335	-28.6
2336	-29.5
2337	-29.9
2338	-27.2
2339	-25.8
2340	-26.9
2341	-27.4
2342	-28.3
2343	-27.9
2344	-27.9
2345	-28.6
2346	-29.3
2347	-29.6
2348	-29.5
2349	-28.5
2350	-27.8
2351	-28.4
2352	-29.7
2353	-29.8
2354	-29.5
2355	-28.5
2356	-28.5
2357	-29.1
2358	-29.7
2359	-29.8
2360	-29.5
2361	-28.8
2362	-28.7
2363	-29.6
2364	-30.4
2365	-29.5
2366	-28.2
2367	-28.5
2368	-29.6
2369	-30.0
2370	-29.6
2371	-27.7
2372	-27.9
2373	-29.2
2374	-29.7
2375	-29.7
2376	-29.4
2377	-28.6
2378	-28.2
2379	-28.5
2380	-29.6
2381	-29.9
2382	-28.9
2383	-27.7
2384	-28.5
2385	-29.2
2386	-29.5
2387	-29.9
2388	-30.2
2389	-29.5
2390	-29.4
2391	-30.0
2392	-29.4
2393	-28.2
2394	-27.9
2395	-27.8
2396	-28.6
2397	-29.7
2398	-28.5
2399	-28.5
2400	-28.6
2401	-29.6
2402	-29.7
2403	-29.9
2404	-30.1
2405	-29.8
2406	-29.8
2407	-29.8
2408	-29.8
2409	-29.8
2410	-29.7
2411	-29.4
2412	-29.4
2413	-29.9
2414	-30.4
2415	-29.7
2416	-28.9
2417	-28.5
2418	-29.1
2419	-29.8
2420	-29.5
2421	-29.8
2422	-30.4
2423	-30.6
2424	-30.4
2425	-30.1
2426	-29.7
2427	-29.8
2428	-30.5
2429	-30.4
2430	-30.1
2431	-29.5
2432	-13.1
2433	50.7
2434	109.3
2435	123.5
2436	139.4
2437	374.7
2438	799.8
2439	1125.2
2440	1189.1
2441	1182.2
2442	1380.4
2443	1772.3
2444	2013.9
2445	2014.4
2446	1999.9
2447	2224.0
2448	2594.9
2449	2737.0
2450	2652.6
2451	2611.9
2452	2859.1
2453	3215.0
2454	3300.8
2455	3186.4
2456	3160.2
2457	3427.2
2458	3738.8
2459	3744.4
2460	3585.4
2461	3572.0
2462	3858.9
2463	4144.4
2464	4108.1
2465	3922.8
2466	3905.2
2467	4186.9
2468	4450.7
2469	4394.4
2470	4192.5
2471	4166.1
2472	4445.9
2473	4709.5
2474	4646.5
2475	4431.6
2476	4393.2
2477	4661.8
2478	4919.0
2479	4853.9
2480	4630.7
2481	4579.9
2482	4841.4
2483	5100.5
2484	5034.1
2485	4798.8
2486	4720.5
2487	4963.1
2488	5238.5
2489	5198.3
2490	4961.8
2491	4860.2
2492	5084.5
2493	5364.4
2494	5336.1
2495	5094.0
2496	4960.1
2497	5163.0
2498	5458.9
2499	5461.5
2500	5226.4
2501	5069.5
2502	5243.5
2503	5544.5
2504	5573.6
2505	5343.4
2506	5158.3
2507	5301.6
2508	5607.1
2509	5667.7
2510	5448.2
2511	5236.2
2512	5342.6
2513	5652.7
2514	5753.2
2515	5554.9
2516	5333.2
2517	5415.6
2518	5723.3
2519	5844.2
2520	5654.8
2521	5412.8
2522	5458.2
2523	5756.8
2524	5910.6
2525	5740.3
2526	5486.7
2527	5497.0
2528	5783.6
2529	5967.0
2530	5822.1
2531	5558.3
2532	5526.5
2533	5796.2
2534	6014.4
2535	5901.3
2536	5633.1
2537	5565.3
2538	5815.8
2539	6056.5
2540	5971.9
2541	5703.4
2542	5599.0
2543	5830.7
2544	6096.6
2545	6036.6
2546	5763.8
2547	5617.8
2548	5812.6
2549	6096.2
2550	6085.2
2551	5829.1
2552	5643.8
2553	5795.7
2554	6090.0
2555	6125.9
2556	5887.6
2557	5670.6
2558	5779.1
2559	6083.7
2560	6169.6
2561	5953.7
2562	5708.8
2563	5768.7
2564	6066.6
2565	6199.0
2566	6011.8
2567	5748.2
2568	5756.5
2569	6040.5
2570	6219.4
2571	6066.8
2572	5792.1
2573	5750.9
2574	6012.4
2575	6231.4
2576	6118.7
2577	5837.7
2578	5737.4
2579	5973.2
2580	6232.6
2581	6168.1
2582	5897.2
2583	5756.9
2584	5958.9
2585	6242.2
2586	6223.7
2587	5963.8
2588	5791.8
2589	5962.1
2590	6255.6
2591	6269.3
2592	6016.6
2593	5803.5
2594	5925.0
2595	6226.2
2596	6298.8
2597	6076.3
2598	5838.2
2599	5914.5
2600	6213.8
2601	6330.8
2602	6132.8
2603	5872.5
2604	5896.6
2605	6183.8
2606	6349.5
2607	6185.7
2608	5907.2
2609	5872.1
2610	6136.5
2611	6347.8
2612	6229.0
2613	5944.8
2614	5846.6
2615	6076.7
2616	6333.7
2617	6275.2
2618	6003.1
2619	5857.3
2620	6049.1
2621	6327.9
2622	6320.5
2623	6065.7
2624	5883.5
2625	6038.2
2626	6328.4
2627	6359.8
2628	6116.5
2629	5892.1
2630	5992.5
2631	6286.8
2632	6380.3
2633	6170.4
2634	5922.4
2635	5975.4
2636	6268.1
2637	6408.4
2638	6224.9
2639	5949.4
2640	5937.7
2641	6214.1
2642	6411.2
2643	6275.7
2644	5995.5
2645	5932.1
2646	6188.9
2647	6423.9
2648	6325.8
2649	6042.7
2650	5927.2
2651	6145.7
2652	6410.2
2653	6362.4
2654	6086.5
2655	5913.0
2656	6079.9
2657	6370.5
2658	6389.8
2659	6142.3
2660	5942.5
2661	6081.9
2662	6383.3
2663	6439.2
2664	6210.5
2665	5999.1
2666	6115.4
2667	6418.0
2668	6496.5
2669	6272.3
2670	6021.5
2671	6081.3
2672	6376.1
2673	6507.6
2674	6318.7
2675	6046.6
2676	6046.7
2677	6320.0
2678	6501.1
2679	6356.8
2680	6079.9
2681	6033.9
2682	6300.7
2683	6526.9
2684	6417.4
2685	6136.0
2686	6051.4
2687	6289.0
2688	6531.2
2689	6452.8
2690	6173.5
2691	6038.3
2692	6241.1
2693	6516.8
2694	6491.9
2695	6223.5
2696	6048.0
2697	6215.5
2698	6503.9
2699	6518.8
2700	6265.8
2701	6050.7
2702	6163.8
2703	6452.8
2704	6524.8
2705	6300.3
2706	6050.9
2707	6111.3
2708	6406.7
2709	6542.1
2710	6355.3
2711	6081.7
2712	6078.5
2713	6353.5
2714	6540.1
2715	6395.5
2716	6109.8
2717	6044.2
2718	6294.0
2719	6527.1
2720	6429.7
2721	6141.7
2722	6014.7
2723	6224.0
2724	6494.6
2725	6461.9
2726	6191.6
2727	6014.0
2728	6177.7
2729	6465.7
2730	6486.0
2731	6233.6
2732	6011.2
2733	6121.8
2734	6422.5
2735	6509.1
2736	6292.5
2737	6049.1
2738	6109.3
2739	6402.2
2740	6533.4
2741	6345.5
2742	6076.5
2743	6080.5
2744	6357.5
2745	6539.2
2746	6395.2
2747	6117.7
2748	6065.8
2749	6319.8
2750	6542.9
2751	6438.8
2752	6160.6
2753	6064.9
2754	6296.2
2755	6549.7
2756	6488.6
2757	6213.1
2758	6061.8
2759	6243.5
2760	6518.1
2761	6516.1
2762	6259.5
2763	6057.2
2764	6188.2
2765	6477.7
2766	6533.5
2767	6299.9
2768	6051.5
2769	6116.5
2770	6412.2
2771	6541.5
2772	6350.9
2773	6083.1
2774	6092.5
2775	6371.0
2776	6546.0
2777	6392.9
2778	6108.4
2779	6048.7
2780	6297.7
2781	6528.1
2782	6435.5
2783	6156.4
2784	6039.7
2785	6255.5
2786	6519.6
2787	6480.2
2788	6210.1
2789	6039.1
2790	6209.0
2791	6494.4
2792	6509.5
2793	6256.9
2794	6035.0
2795	6149.1
2796	6453.6
2797	6532.6
2798	6312.6
2799	6068.7
2800	6132.7
2801	6423.4
2802	6549.4
2803	6359.2
2804	6086.4
2805	6081.9
2806	6352.7
2807	6542.2
2808	6404.7
2809	6117.3
2810	6038.6
2811	6284.3
2812	6526.8
2813	6444.6
2814	6173.1
2815	6070.0
2816	6297.8
2817	6555.6
2818	6499.5
2819	6220.5
2820	6050.3
2821	6225.8
2822	6520.2
2823	6542.1
2824	6294.7
2825	6091.0
2826	6218.2
2827	6504.8
2828	6557.5
2829	6323.5
2830	6074.8
2831	6134.8
2832	6372.2
2833	6270.5
2834	5823.7
2835	5362.2
2836	4953.1
2837	4597.2
2838	4280.7
2839	3982.1
2840	3681.8
2841	3375.3
2842	3069.3
2843	2778.4
2844	2517.3
2845	2291.5
2846	2096.3
2847	1920.5
2848	1753.1
2849	1587.6
2850	1425.8
2851	1275.1
2852	1136.3
2853	1016.7
2854	917.0
2855	831.2
2856	755.4
2857	683.6
2858	613.9
2859	546.9
2860	485.3
2861	432.5
2862	388.2
2863	353.0
2864	323.5
2865	295.6
2866	268.5
2867	241.5
2868	216.6
2869	195.0
2870	176.3
2871	161.3
2872	149.0
2873	139.1
2874	129.3
2875	119.5
2876	109.3
2877	100.0
2878	92.4
2879	86.7
2880	81.3
2881	76.6
2882	72.0
2883	67.5
2884	63.3
2885	59.3
2886	55.2
2887	52.0
2888	49.3
2889	46.8
2890	44.9
2891	43.3
2892	42.2
2893	40.6
2894	37.2
2895	34.5
2896	32.8
2897	31.3
2898	30.4
2899	29.3
2900	28.0
2901	26.6
2902	25.1
2903	24.0
2904	22.6
2905	22.1
2906	21.7
2907	20.9
2908	19.7
2909	18.7
2910	17.9
2911	17.0
2912	16.3
2913	15.9
2914	15.3
2915	15.5
2916	15.3
2917	13.7
2918	12.6
2919	11.8
2920	10.6
2921	10.0
2922	10.3
2923	10.0
2924	9.1
2925	8.6
2926	8.0
2927	7.4
2928	7.3
2929	7.6
2930	7.9
2931	7.2
2932	6.5
2933	5.3
2934	5.3
2935	5.2
2936	3.9
2937	2.9
2938	2.4
2939	2.6
2940	3.0
2941	2.4
2942	1.1
2943	0.5
2944	0.3
2945	0.8
2946	0.4
2947	-1.1
2948	-2.0
2949	-2.0
2950	-1.3
2951	-1.1
2952	-2.0
2953	-2.9
2954	-3.3
2955	-3.0
2956	-2.6
2957	-2.8
2958	-3.9
2959	-3.2
2960	-2.6
2961	-3.6
2962	-3.0
2963	-3.8
2964	-6.0
2965	-6.8
2966	-6.6
2967	-5.7
2968	-5.1
2969	-5.9
2970	-7.4
2971	-7.8
2972	-8.2
2973	-8.3
2974	-8.5
2975	-9.1
2976	-9.0
2977	-8.8
2978	-9.3
2979	-9.5
2980	-9.1
2981	-8.1
2982	-8.4
2983	-10.2
2984	-10.8
2985	-10.6
2986	-11.6
2987	-12.1
2988	-11.7
2989	-11.8
2990	-11.6
2991	-12.4
2992	-12.8
2993	-13.3
2994	-13.4
2995	-13.5
2996	-13.5
2997	-13.6
2998	-13.7
2999	-14.3
3000	-14.4
3001	-14.5
3002	-14.4
3003	-14.3
3004	-14.7
3005	-15.1
3006	-13.9
3007	-13.7
3008	-15.1
3009	-15.6
3010	-15.8
3011	-16.2
3012	-16.7
3013	-16.5
3014	-16.8
3015	-17.1
3016	-17.1
3017	-17.6
3018	-17.7
3019	-17.2
3020	-16.2
3021	-16.2
3022	-17.0
3023	-18.0
3024	-18.4
3025	-18.7
3026	-18.5
3027	-18.4
3028	-17.9
3029	-17.3
3030	-17.4
3031	-18.2
3032	-18.6
3033	-18.9
3034	-19.1
3035	-19.3
3036	-19.7
3037	-19.8
3038	-19.5
3039	-19.7
3040	-19.9
3041	-20.2
3042	-20.5
3043	-19.9
3044	-19.8
3045	-19.8
3046	-19.6
3047	-19.8
3048	-20.5
3049	-20.2
3050	-19.3
3051	-19.9
3052	-21.1
3053	-21.1
3054	-21.0
3055	-21.3
3056	-21.4
3057	-21.1
3058	-20.9
3059	-21.0
3060	-21.3
3061	-21.7
3062	-21.5
3063	-21.5
3064	-21.5
3065	-21.7
3066	-21.9
3067	-21.4
3068	-20.8
3069	-20.9
3070	-22.3
3071	-22.0
3072	-21.3
3073	-21.5
3074	-21.0
3075	-21.1
3076	-21.8
3077	-22.4
3078	-23.3
3079	-23.3
3080	-23.3
3081	-23.3
3082	-23.1
3083	-23.2
3084	-23.5
3085	-23.4
3086	-23.5
3087	-23.1
3088	-23.3
3089	-23.3
3090	-23.6
3091	-23.5
3092	-23.5
3093	-23.3
3094	-23.2
3095	-23.3
3096	-23.1
3097	-23.5
3098	-23.6
3099	-23.4
3100	-23.4
3101	-23.8
3102	-23.6
3103	-23.3
3104	-23.5
3105	-23.9
3106	-23.7
3107	-22.9
3108	-22.8
3109	-23.8
3110	-24.9
3111	-24.9
3112	-24.5
3113	-24.3
3114	-24.0
3115	-24.5
3116	-24.4
3117	-24.5
3118	-24.6
3119	-24.5
3120	-24.3
3121	-24.4
3122	-24.7
3123	-24.8
3124	-23.8
3125	-22.8
3126	-22.8
3127	-23.2
3128	-24.5
3129	-24.9
3130	-25.1
3131	-25.4
3132	-25.1
3133	-24.9
3134	-25.0
3135	-25.1
3136	-25.4
3137	-24.9
3138	-24.5
3139	-25.2
3140	-25.9
3141	-25.7
3142	-25.4
3143	-25.1
3144	-24.9
3145	-24.7
3146	-24.4
3147	-24.6
3148	-25.0
3149	-25.8
3150	-26.2
3151	-26.2
3152	-26.0
3153	-26.0
3154	-25.7
3155	-25.9
3156	-25.9
3157	-26.4
3158	-25.8
3159	-25.8
3160	-26.0
3161	-26.2
3162	-25.9
3163	-26.1
3164	-25.6
3165	-25.9
3166	-26.3
3167	-26.3
3168	-26.5
3169	-25.8
3170	-25.8
3171	-26.1
3172	-26.0
3173	-24.9
3174	-24.3
3175	-24.5
3176	-25.0
3177	-25.0
3178	-24.7
3179	-24.5
3180	-24.3
3181	-25.3
3182	-25.6
3183	-25.6
3184	-25.9
3185	-26.5
3186	-26.1
3187	-26.3
3188	-26.1
3189	-25.9
3190	-25.9
3191	-25.5
3192	-25.7
3193	-25.8
3194	-25.6
3195	-26.2
3196	-26.2
3197	-25.8
3198	-26.7
3199	-26.4
3200	-26.2
3201	-25.9
3202	-25.7
3203	-26.2
3204	-26.3
3205	-26.1
3206	-26.4
3207	-26.3
3208	-26.3
3209	-26.1
3210	-25.9
3211	-25.9
3212	-26.2
3213	-25.9
3214	-25.5
3215	-26.0
3216	-26.8
3217	-26.5
3218	-26.9
3219	-27.2
3220	-27.1
3221	-27.0
3222	-26.7
3223	-26.3
3224	-26.0
3225	-25.9
3226	-26.6
3227	-26.6
3228	-26.5
3229	-26.1
3230	-26.4
3231	-26.5
3232	-18.8
3233	10.6
3234	47.5
3235	53.8
3236	74.8
3237	335.0
3238	760.8
3239	1076.5
3240	1133.1
3241	1124.1
3242	1325.0
3243	1720.3
3244	1973.3
3245	1981.9
3246	1962.5
3247	2177.2
3248	2551.8
3249	2703.3
3250	2621.5
3251	2576.5
3252	2817.2
3253	3180.0
3254	3276.9
3255	3159.6
3256	3110.8
3257	3353.1
3258	3672.6
3259	3703.9
3260	3551.3
3261	3509.1
3262	3774.5
3263	4085.7
3264	4080.4
3265	3896.5
3266	3848.4
3267	4116.0
3268	4411.8
3269	4388.6
3270	4194.3
3271	4150.3
3272	4409.1
3273	4680.6
3274	4633.0
3275	4414.0
3276	4339.9
3277	4581.0
3278	4864.0
3279	4834.0
3280	4613.2
3281	4515.5
3282	4735.4
3283	5027.8
3284	5019.1
3285	4797.7
3286	4681.4
3287	4886.6
3288	5180.6
3289	5182.0
3290	4955.6
3291	4813.7
3292	5002.1
3293	5309.0
3294	5329.8
3295	5102.4
3296	4934.9
3297	5093.1
3298	5401.7
3299	5448.4
3300	5226.1
3301	5030.9
3302	5152.2
3303	5460.6
3304	5545.7
3305	5341.2
3306	5127.1
3307	5223.0
3308	5542.8
3309	5659.6
3310	5465.9
3311	5238.2
3312	5308.3
3313	5612.4
3314	5746.6
3315	5563.6
3316	5319.2
3317	5354.2
3318	5652.2
3319	5820.0
3320	5660.7
3321	5408.9
3322	5416.6
3323	5705.6
3324	5894.9
3325	5753.4
3326	5495.7
3327	5472.7
3328	5744.6
3329	5956.4
3330	5833.5
3331	5565.5
3332	5504.7
3333	5759.7
3334	5998.3
3335	5907.4
3336	5637.3
3337	5532.4
3338	5750.6
3339	6013.2
3340	5967.8
3341	5705.4
3342	5555.0
3343	5738.9
3344	6023.8
3345	6021.5
3346	5769.4
3347	5581.7
3348	5730.5
3349	6034.0
3350	6082.2
3351	5850.6
3352	5636.5
3353	5747.3
3354	6049.6
3355	6132.2
3356	5918.6
3357	5686.7
3358	5765.6
3359	6069.6
3360	6187.0
3361	5986.7
3362	5730.0
3363	5766.0
3364	6061.9
3365	6216.7
3366	6041.3
3367	5767.6
3368	5753.0
3369	6030.9
3370	6228.2
3371	6091.2
3372	5813.2
3373	5749.2
3374	6000.0
3375	6235.9
3376	6140.1
3377	5857.6
3378	5734.9
3379	5948.7
3380	6219.4
3381	6182.1
3382	5915.5
3383	5747.8
3384	5915.4
3385	6203.5
3386	6218.3
3387	5966.4
3388	5750.2
3389	5865.2
3390	6166.3
3391	6243.4
3392	6020.6
3393	5773.4
3394	5831.7
3395	6127.5
3396	6265.0
3397	6080.4
3398	5810.6
3399	5810.6
3400	6098.3
3401	6288.7
3402	6142.4
3403	5865.9
3404	5820.5
3405	6086.4
3406	6312.4
3407	6205.8
3408	5930.8
3409	5841.7
3410	6077.8
3411	6327.8
3412	6254.8
3413	5977.8
3414	5838.9
3415	6032.7
3416	6307.1
3417	6289.0
3418	6027.8
3419	5839.8
3420	5986.0
3421	6277.9
3422	6318.5
3423	6078.5
3424	5845.9
3425	5934.7
3426	6231.5
3427	6335.5
3428	6128.6
3429	5861.8
3430	5879.4
3431	6166.7
3432	6338.9
3433	6177.1
3434	5900.1
3435	5864.1
3436	6133.6
3437	6352.2
3438	6235.2
3439	5951.8
3440	5855.4
3441	6089.4
3442	6348.8
3443	6287.1
3444	6015.7
3445	5883.3
3446	6092.5
3447	6370.0
3448	6340.1
3449	6076.2
3450	5918.2
3451	6104.5
3452	6396.6
3453	6399.5
3454	6142.2
3455	5946.4
3456	6088.5
3457	6383.0
3458	6427.3
3459	6187.6
3460	5955.7
3461	6051.6
3462	6355.5
3463	6453.3
3464	6244.9
3465	6018.6
3466	6106.2
3467	6411.9
3468	6518.8
3469	6308.0
3470	6040.0
3471	6063.5
3472	6348.0
3473	6513.0
3474	6351.1
3475	6070.9
3476	6032.1
3477	6298.5
3478	6512.4
3479	6392.8
3480	6111.2
3481	6020.5
3482	6251.6
3483	6498.7
3484	6424.6
3485	6142.4
3486	5992.7
3487	6180.9
3488	6459.2
3489	6450.4
3490	6193.1
3491	6000.3
3492	6146.0
3493	6442.8
3494	6483.5
3495	6241.9
3496	6014.5
3497	6110.0
3498	6408.1
3499	6504.6
3500	6292.3
3501	6034.6
3502	6075.8
3503	6366.6
3504	6513.9
3505	6336.9
3506	6061.0
3507	6041.8
3508	6310.2
3509	6509.0
3510	6377.1
3511	6093.0
3512	6010.0
3513	6243.3
3514	6488.1
3515	6418.7
3516	6143.1
3517	6004.1
3518	6198.0
3519	6471.0
3520	6450.6
3521	6187.5
3522	5998.4
3523	6140.9
3524	6429.9
3525	6481.1
3526	6248.6
3527	6019.7
3528	6114.3
3529	6408.7
3530	6504.6
3531	6294.0
3532	6033.6
3533	6070.0
3534	6363.9
3535	6520.0
3536	6347.0
3537	6070.0
3538	6048.1
3539	6317.7
3540	6518.9
3541	6390.2
3542	6121.0
3543	6073.7
3544	6340.0
3545	6570.0
3546	6468.2
3547	6193.2
3548	6111.4
3549	6348.7
3550	6592.2
3551	6518.5
3552	6247.1
3553	6129.6
3554	6341.2
3555	6600.9
3556	6556.9
3557	6289.8
3558	6135.3
3559	6324.6
3560	6610.7
3561	6603.4
3562	6338.2
3563	6137.9
3564	6277.9
3565	6571.6
3566	6613.0
3567	6369.2
3568	6131.5
3569	6220.2
3570	6518.7
3571	6618.1
3572	6406.4
3573	6145.1
3574	6176.5
3575	6460.8
3576	6615.1
3577	6445.2
3578	6169.7
3579	6148.0
3580	6420.1
3581	6621.2
3582	6489.1
3583	6204.4
3584	6125.7
3585	6367.6
3586	6607.5
3587	6521.1
3588	6239.8
3589	6110.1
3590	6313.8
3591	6582.4
3592	6550.0
3593	6281.2
3594	6102.4
3595	6269.0
3596	6566.2
3597	6589.7
3598	6339.8
3599	6131.3
3600	6257.3
3601	6550.7
3602	6609.8
3603	6381.5
3604	6146.7
3605	6226.6
3606	6524.3
3607	6636.8
3608	6435.8
3609	6172.3
3610	6201.0
3611	6490.3
3612	6649.2
3613	6481.8
3614	6206.9
3615	6189.0
3616	6462.3
3617	6657.5
3618	6520.9
3619	6238.5
3620	6167.1
3621	6411.1
3622	6644.1
3623	6553.7
3624	6268.0
3625	6135.6
3626	6344.9
3627	6616.3
3628	6581.2
3629	6310.7
3630	6134.0
3631	6297.8
3632	6542.1
3633	6369.8
3634	5893.0
3635	5417.8
3636	5003.2
3637	4644.5
3638	4324.7
3639	4020.6
3640	3712.3
3641	3395.4
3642	3081.0
3643	2785.3
3644	2522.8
3645	2298.1
3646	2104.4
3647	1928.9
3648	1758.8
3649	1588.9
3650	1422.7
3651	1267.4
3652	1128.3
3653	1009.2
3654	910.5
3655	826.8
3656	750.8
3657	678.0
3658	606.9
3659	538.5
3660	476.4
3661	423.8
3662	381.7
3663	347.2
3664	317.5
3665	289.7
3666	263.1
3667	237.1
3668	212.2
3669	189.6
3670	171.1
3671	156.9
3672	145.6
3673	136.3
3674	126.5
3675	115.9
3676	105.5
3677	96.4
3678	89.0
3679	84.8
3680	80.1
3681	73.4
3682	69.2
3683	65.4
3684	61.4
3685	57.0
3686	53.0
3687	49.7
3688	47.6
3689	46.3
3690	44.8
3691	42.1
3692	39.0
3693	36.8
3694	34.7
3695	32.9
3696	31.6
3697	30.2
3698	29.3
3699	27.9
3700	26.0
3701	25.9
3702	25.5
3703	23.8
3704	21.9
3705	20.6
3706	20.0
3707	18.9
3708	18.4
3709	17.8
3710	16.5
3711	14.9
3712	14.3
3713	14.1
3714	13.6
3715	13.7
3716	13.4
3717	12.0
3718	11.1
3719	10.3
3720	9.9
3721	9.6
3722	9.0
3723	7.8
3724	6.9
3725	6.7
3726	7.3
3727	7.3
3728	7.7
3729	6.9
3730	5.7
3731	5.0
3732	4.2
3733	3.2
3734	2.9
3735	2.7
3736	3.1
3737	2.8
3738	1.9
3739	1.1
3740	0.2
3741	-0.1
3742	-0.3
3743	-0.9
3744	-1.3
3745	-1.5
3746	-1.3
3747	-1.7
3748	-2.1
3749	-1.9
3750	-1.9
3751	-2.2
3752	-1.6
3753	-1.3
3754	-2.3
3755	-3.7
3756	-5.5
3757	-6.6
3758	-5.5
3759	-4.1
3760	-4.7
3761	-5.9
3762	-6.8
3763	-6.6
3764	-6.6
3765	-7.5
3766	-7.9
3767	-8.6
3768	-8.9
3769	-9.0
3770	-8.7
3771	-9.2
3772	-10.1
3773	-10.4
3774	-10.3
3775	-10.7
3776	-10.7
3777	-10.9
3778	-10.9
3779	-12.0
3780	-12.0
3781	-12.1
3782	-12.5
3783	-12.6
3784	-12.6
3785	-12.3
3786	-12.9
3787	-12.4
3788	-11.0
3789	-12.3
3790	-14.1
3791	-14.4
3792	-14.5
3793	-15.1
3794	-15.4
3795	-14.3
3796	-13.1
3797	-13.4
3798	-14.8
3799	-14.6
3800	-14.2
3801	-15.6
3802	-16.0
3803	-15.9
3804	-15.7
3805	-15.4
3806	-16.7
3807	-17.6
3808	-17.8
3809	-17.5
3810	-18.1
3811	-18.2
3812	-18.3
3813	-18.5
3814	-18.8
3815	-18.4
3816	-18.8
3817	-19.0
3818	-19.0
3819	-18.7
3820	-18.6
3821	-19.1
3822	-19.6
3823	-19.7
3824	-20.0
3825	-20.3
3826	-20.6
3827	-20.6
3828	-20.3
3829	-20.1
3830	-20.4
3831	-21.2
3832	-20.4
3833	-18.1
3834	-17.7
3835	-16.3
3836	-16.0
3837	-15.9
3838	-15.9
3839	-16.1
3840	-16.4
3841	-16.8
3842	-17.7
3843	-18.1
3844	-17.9
3845	-17.9
3846	-17.6
3847	-17.9
3848	-19.5
3849	-20.5
3850	-21.3
3851	-21.9
3852	-22.0
3853	-22.1
3854	-22.2
3855	-22.0
3856	-21.1
3857	-20.7
3858	-21.2
3859	-21.5
3860	-21.6
3861	-22.4
3862	-23.3
3863	-23.7
3864	-24.0
3865	-23.1
3866	-22.1
3867	-22.1
3868	-23.7
3869	