9.0
695	8.1
696	8.5
697	9.7
698	11.1
699	11.0
700	8.4
701	6.1
702	6.9
703	10.6
704	12.2
705	10.5
706	7.8
707	7.2
708	7.6
709	6.5
710	4.7
711	5.4
712	8.8
713	12.2
714	12.0
715	8.2
716	4.6
717	3.7
718	6.1
719	7.6
720	6.1
721	5.2
722	8.0
723	11.2
724	10.5
725	7.5
726	6.0
727	5.4
728	5.8
729	6.7
730	7.8
731	9.1
732	10.2
733	9.5
734	6.5
735	4.8
736	4.9
737	5.4
738	5.0
739	5.9
740	8.4
741	10.1
742	8.8
743	5.3
744	2.7
745	3.9
746	6.8
747	8.2
748	7.5
749	6.2
750	6.2
751	6.5
752	6.0
753	5.0
754	5.4
755	7.1
756	8.6
757	8.7
758	7.2
759	5.8
760	5.7
761	5.9
762	5.7
763	5.3
764	5.6
765	6.5
766	6.7
767	5.7
768	4.7
769	5.0
770	6.2
771	6.2
772	5.6
773	5.1
774	5.4
775	6.2
776	6.2
777	5.3
778	4.3
779	5.2
780	7.4
781	7.8
782	6.2
783	5.2
784	6.1
785	7.0
786	6.7
787	5.0
788	4.6
789	4.9
790	5.0
791	5.2
792	5.2
793	5.0
794	4.9
795	4.6
796	4.6
797	4.6
798	4.9
799	4.9
800	5.0
801	4.7
802	4.9
803	5.1
804	4.7
805	4.6
806	5.0
807	5.4
808	6.5
809	5.8
810	5.0
811	5.0
812	5.2
813	5.1
814	4.5
815	4.9
816	5.2
817	4.8
818	4.8
819	4.9
820	4.3
821	4.3
822	4.5
823	4.5
824	4.3
825	4.5
826	4.3
827	4.4
828	4.6
829	4.3
830	4.3
831	4.8
832	21.1
833	81.6
834	144.3
835	195.5
836	321.7
837	712.2
838	1183.1
839	1398.2
840	1444.9
841	1657.3
842	2091.9
843	2357.0
844	2393.4
845	2516.5
846	2916.9
847	3238.7
848	3244.4
849	3223.1
850	3501.9
851	3869.9
852	3932.8
853	3846.7
854	3988.6
855	4374.1
856	4547.1
857	4431.9
858	4401.7
859	4709.3
860	5009.6
861	4972.4
862	4837.5
863	4998.2
864	5360.4
865	5454.6
866	5285.4
867	5257.3
868	5570.1
869	5823.4
870	5731.3
871	5565.1
872	5719.2
873	6063.0
874	6121.2
875	5915.6
876	5852.0
877	6136.6
878	6385.3
879	6285.8
880	6074.4
881	6164.0
882	6499.1
883	6600.0
884	6399.7
885	6289.4
886	6556.0
887	6844.3
888	6778.3
889	6573.3
890	6672.2
891	7009.4
892	7092.0
893	6877.8
894	6774.2
895	7042.0
896	7299.0
897	7193.1
898	6955.2
899	7025.5
900	7354.9
901	7445.6
902	7222.4
903	7074.6
904	7305.5
905	7582.5
906	7509.7
907	7249.2
908	7247.4
909	7559.3
910	7706.1
911	7512.3
912	7325.9
913	7517.6
914	7826.0
915	7791.0
916	7523.7
917	7477.5
918	7778.9
919	7962.9
920	7785.8
921	7539.5
922	7639.1
923	7951.1
924	7990.4
925	7729.6
926	7560.6
927	7772.9
928	8043.2
929	7965.4
930	7685.9
931	7642.9
932	7933.0
933	8104.1
934	7920.0
935	7672.1
936	7772.4
937	8087.0
938	8132.7
939	7875.1
940	7709.3
941	7922.5
942	8185.3
943	8102.9
944	7821.1
945	7778.1
946	8066.0
947	8234.5
948	8049.0
949	7794.3
950	7885.7
951	8199.5
952	8247.7
953	7986.9
954	7798.8
955	7991.1
956	8265.8
957	8208.4
958	7927.9
959	7855.6
960	8139.1
961	8333.8
962	8166.5
963	7912.5
964	7995.3
965	8306.4
966	8362.2
967	8110.0
968	7938.8
969	8159.4
970	8442.6
971	8374.5
972	8101.0
973	8081.7
974	8379.8
975	8525.2
976	8326.3
977	8112.5
978	8277.7
979	8594.9
980	8593.2
981	8337.2
982	8289.6
983	8575.8
984	8740.5
985	8553.2
986	8306.3
987	8412.6
988	8717.6
989	8738.1
990	8460.7
991	8285.8
992	8499.0
993	8758.9
994	8666.4
995	8367.8
996	8305.8
997	8584.1
998	8753.4
999	8563.5
1000	8290.1
1001	8355.5
1002	8663.9
1003	8730.7
1004	8477.4
1005	8268.1
1006	8442.8
1007	8725.2
1008	8676.8
1009	8388.7
1010	8295.2
1011	8565.6
1012	8773.3
1013	8615.1
1014	8330.0
1015	8352.4
1016	8654.5
1017	8756.8
1018	8524.2
1019	8303.0
1020	8454.9
1021	8745.7
1022	8719.8
1023	8432.1
1024	8298.5
1025	8538.0
1026	8772.7
1027	8650.8
1028	8349.8
1029	8307.2
1030	8590.1
1031	8746.5
1032	8552.7
1033	8289.1
1034	8366.2
1035	8671.8
1036	8729.5
1037	8469.0
1038	8249.8
1039	8415.3
1040	8702.2
1041	8668.8
1042	8387.1
1043	8281.2
1044	8545.9
1045	8768.8
1046	8627.2
1047	8342.9
1048	8362.2
1049	8675.1
1050	8790.2
1051	8561.5
1052	8327.6
1053	8458.4
1054	8749.3
1055	8745.1
1056	8462.1
1057	8300.8
1058	8519.4
1059	8771.8
1060	8674.9
1061	8378.4
1062	8312.5
1063	8585.5
1064	8766.2
1065	8591.6
1066	8306.7
1067	8332.4
1068	8629.0
1069	8732.1
1070	8500.2
1071	8250.9
1072	8362.7
1073	8661.9
1074	8683.0
1075	8410.0
1076	8220.8
1077	8409.6
1078	8683.0
1079	8624.5
1080	8335.6
1081	8246.5
1082	8523.3
1083	8738.3
1084	8589.9
1085	8327.2
1086	8388.9
1087	8698.0
1088	8770.0
1089	8518.9
1090	8309.0
1091	8478.5
1092	8766.0
1093	8732.7
1094	8440.0
1095	8308.5
1096	8548.4
1097	8781.1
1098	8658.8
1099	8375.5
1100	8377.6
1101	8687.0
1102	8818.5
1103	8599.3
1104	8354.2
1105	8478.7
1106	8789.3
1107	8809.9
1108	8539.7
1109	8392.8
1110	8624.6
1111	8869.0
1112	8756.6
1113	8459.5
1114	8420.7
1115	8707.7
1116	8866.8
1117	8672.6
1118	8399.7
1119	8466.3
1120	8770.3
1121	8835.1
1122	8581.7
1123	8366.4
1124	8529.7
1125	8816.0
1126	8785.7
1127	8496.5
1128	8362.9
1129	8603.9
1130	8838.7
1131	8717.6
1132	8419.5
1133	8383.2
1134	8676.0
1135	8834.4
1136	8634.6
1137	8360.5
1138	8423.0
1139	8722.9
1140	8791.6
1141	8543.3
1142	8317.4
1143	8464.7
1144	8756.0
1145	8742.9
1146	8456.2
1147	8294.4
1148	8512.5
1149	8768.0
1150	8681.9
1151	8394.2
1152	8335.5
1153	8611.4
1154	8789.0
1155	8610.7
1156	8327.1
1157	8361.1
1158	8665.9
1159	8771.2
1160	8543.2
1161	8313.0
1162	8443.7
1163	8733.5
1164	8737.6
1165	8468.8
1166	8313.3
1167	8526.7
1168	8778.3
1169	8688.8
1170	8389.1
1171	8305.0
1172	8569.1
1173	8767.9
1174	8613.4
1175	8326.5
1176	8333.2
1177	8629.8
1178	8754.2
1179	8536.0
1180	8280.8
1181	8385.4
1182	8691.9
1183	8728.2
1184	8464.5
1185	8278.3
1186	8472.0
1187	8746.7
1188	8687.3
1189	8395.0
1190	8296.5
1191	8556.9
1192	8770.6
1193	8625.0
1194	8329.4
1195	8313.0
1196	8603.1
1197	8747.6
1198	8544.7
1199	8276.1
1200	8346.6
1201	8649.1
1202	8714.8
1203	8464.7
1204	8250.1
1205	8408.7
1206	8697.8
1207	8681.5
1208	8404.0
1209	8271.9
1210	8508.7
1211	8748.4
1212	8636.3
1213	8349.1
1214	8322.4
1215	8607.2
1216	8762.0
1217	8571.9
1218	8321.8
1219	8421.3
1220	8741.8
1221	8793.5
1222	8536.6
1223	8370.1
1224	8584.8
1225	8852.9
1226	8777.3
1227	8493.8
1228	8447.2
1229	8733.3
1230	8906.3
1231	8725.5
1232	8400.8
1233	8090.5
1234	7771.9
1235	7488.2
1236	7232.5
1237	6976.8
1238	6708.9
1239	6429.0
1240	6144.1
1241	5868.7
1242	5614.0
1243	5384.5
1244	5174.5
1245	4972.1
1246	4766.7
1247	4553.5
1248	4331.7
1249	4105.8
1250	3884.8
1251	3674.1
1252	3472.4
1253	3277.5
1254	3085.8
1255	2893.0
1256	2698.6
1257	2507.3
1258	2323.9
1259	2151.9
1260	1994.2
1261	1848.8
1262	1713.2
1263	1584.6
1264	1460.1
1265	1340.5
1266	1228.4
1267	1126.0
1268	1033.0
1269	949.6
1270	874.2
1271	805.5
1272	741.2
1273	681.0
1274	625.3
1275	574.1
1276	527.0
1277	485.3
1278	448.9
1279	417.1
1280	387.6
1281	360.1
1282	334.0
1283	310.5
1284	289.6
1285	269.9
1286	253.1
1287	238.5
1288	225.2
1289	212.1
1290	200.9
1291	190.6
1292	181.2
1293	172.6
1294	164.1
1295	155.9
1296	148.9
1297	143.6
1298	140.1
1299	136.4
1300	130.7
1301	124.1
1302	118.1
1303	114.6
1304	112.4
1305	110.8
1306	106.9
1307	102.0
1308	99.6
1309	99.2
1310	99.5
1311	98.1
1312	93.5
1313	88.4
1314	85.4
1315	82.8
1316	80.2
1317	78.7
1318	80.1
1319	83.1
1320	83.5
1321	80.6
1322	75.9
1323	71.5
1324	69.4
1325	70.5
1326	71.2
1327	71.3
1328	70.9
1329	69.5
1330	67.5
1331	65.8
1332	64.1
1333	62.4
1334	61.6
1335	61.8
1336	62.4
1337	61.3
1338	60.3
1339	60.2
1340	59.1
1341	57.8
1342	56.7
1343	56.1
1344	55.4
1345	54.5
1346	53.9
1347	53.6
1348	53.1
1349	51.7
1350	50.3
1351	50.6
1352	51.8
1353	51.8
1354	50.2
1355	49.0
1356	48.5
1357	47.4
1358	46.3
1359	45.4
1360	44.5
1361	44.2
1362	43.5
1363	43.4
1364	42.6
1365	41.7
1366	41.9
1367	41.3
1368	40.4
1369	39.9
1370	39.6
1371	39.1
1372	38.6
1373	37.9
1374	37.7
1375	37.3
1376	36.7
1377	36.0
1378	35.6
1379	35.1
1380	35.0
1381	34.7
1382	34.5
1383	34.7
1384	34.3
1385	33.0
1386	32.1
1387	31.6
1388	31.2
1389	30.6
1390	30.2
1391	30.3
1392	30.0
1393	29.3
1394	28.2
1395	28.1
1396	28.1
1397	28.0
1398	27.8
1399	27.5
1400	26.7
1401	26.4
1402	27.4
1403	27.8
1404	26.8
1405	25.1
1406	25.6
1407	26.3
1408	26.2
1409	25.1
1410	24.3
1411	24.7
1412	24.8
1413	25.0
1414	23.6
1415	22.7
1416	22.3
1417	21.9
1418	21.4
1419	21.2
1420	21.1
1421	20.7
1422	20.5
1423	20.5
1424	19.9
1425	19.1
1426	19.1
1427	19.2
1428	19.2
1429	19.1
1430	19.1
1431	18.8
1432	18.2
1433	18.0
1434	18.1
1435	18.0
1436	17.5
1437	16.7
1438	16.8
1439	17.5
1440	17.8
1441	19.1
1442	18.1
1443	17.2
1444	18.0
1445	17.9
1446	16.4
1447	15.7
1448	15.7
1449	15.4
1450	15.2
1451	14.9
1452	15.1
1453	14.9
1454	14.6
1455	14.7
1456	14.7
1457	14.2
1458	14.4
1459	14.7
1460	15.9
1461	15.3
1462	13.8
1463	13.2
1464	13.2
1465	13.1
1466	12.6
1467	12.7
1468	14.3
1469	14.9
1470	14.2
1471	13.0
1472	12.6
1473	12.8
1474	13.3
1475	13.8
1476	13.4
1477	12.5
1478	12.3
1479	12.3
1480	11.5
1481	11.5
1482	12.4
1483	12.0
1484	11.9
1485	11.6
1486	11.4
1487	11.2
1488	11.1
1489	11.6
1490	11.7
1491	11.0
1492	11.0
1493	10.9
1494	10.9
1495	10.7
1496	10.4
1497	10.7
1498	10.3
1499	10.0
1500	9.8
1501	10.2
1502	10.9
1503	12.7
1504	11.9
1505	10.9
1506	11.5
1507	10.9
1508	10.0
1509	9.8
1510	9.5
1511	10.0
1512	10.9
1513	11.3
1514	11.4
1515	10.7
1516	9.9
1517	9.8
1518	9.6
1519	9.1
1520	8.9
1521	8.8
1522	8.9
1523	9.0
1524	9.0
1525	8.6
1526	8.7
1527	8.6
1528	8.8
1529	8.6
1530	8.5
1531	9.6
1532	10.0
1533	9.5
1534	8.3
1535	8.1
1536	9.1
1537	9.7
1538	8.7
1539	7.8
1540	7.9
1541	7.4
1542	7.3
1543	7.5
1544	7.4
1545	7.1
1546	7.4
1547	7.2
1548	7.0
1549	7.1
1550	7.3
1551	7.2
1552	7.0
1553	6.9
1554	7.3
1555	7.6
1556	7.5
1557	7.4
1558	7.2
1559	6.7
1560	6.5
1561	7.1
1562	7.2
1563	7.1
1564	8.5
1565	8.8
1566	8.0
1567	8.3
1568	8.5
1569	7.8
1570	6.7
1571	6.9
1572	7.1
1573	6.9
1574	6.9
1575	6.7
1576	6.7
1577	7.0
1578	6.8
1579	6.6
1580	6.3
1581	6.5
1582	6.7
1583	6.6
1584	7.1
1585	6.9
1586	7.0
1587	6.7
1588	6.4
1589	6.4
1590	6.2
1591	6.2
1592	6.3
1593	6.2
1594	6.0
1595	6.0
1596	8.6
1597	8.6
1598	7.8
1599	8.0
1600	7.1
1601	6.5
1602	6.3
1603	6.5
1604	6.9
1605	6.6
1606	6.2
1607	6.1
1608	5.8
1609	5.8
1610	6.3
1611	6.6
1612	6.3
1613	6.2
1614	6.1
1615	6.4
1616	6.7
1617	6.9
1618	7.2
1619	7.3
1620	6.9
1621	6.2
1622	6.2
1623	6.3
1624	6.1
1625	6.0
1626	6.5
1627	7.4
1628	7.4
1629	7.1
1630	6.2
1631	6.0
1632	6.8
1633	40.9
1634	234.0
1635	476.3
1636	624.8
1637	800.5
1638	1193.8
1639	1603.5
1640	1753.4
1641	1815.2
1642	2106.0
1643	2539.6
1644	2731.6
1645	2734.9
1646	2903.2
1647	3306.8
1648	3541.0
1649	3497.2
1650	3520.0
1651	3853.0
1652	4180.8
1653	4186.8
1654	4108.2
1655	4317.2
1656	4692.5
1657	4793.4
1658	4666.5
1659	4729.9
1660	5089.9
1661	5313.9
1662	5216.1
1663	5137.4
1664	5395.2
1665	5710.4
1666	5697.8
1667	5525.9
1668	5618.7
1669	5963.8
1670	6107.0
1671	5944.4
1672	5851.8
1673	6108.3
1674	6393.9
1675	6346.7
1676	6153.1
1677	6243.2
1678	6579.6
1679	6694.1
1680	6501.4
1681	6387.9
1682	6634.6
1683	6917.9
1684	6869.6
1685	6654.9
1686	6710.3
1687	7031.7
1688	7151.3
1689	6951.7
1690	6792.2
1691	6995.0
1692	7286.9
1693	7255.3
1694	7007.4
1695	6975.1
1696	7269.4
1697	7457.8
1698	7300.2
1699	7073.2
1700	7176.8
1701	7490.3
1702	7549.2
1703	7313.9
1704	7184.3
1705	7426.1
1706	7689.5
1707	7603.6
1708	7342.0
1709	7341.8
1710	7643.9
1711	7797.8
1712	7611.4
1713	7392.7
1714	7521.6
1715	7822.0
1716	7842.7
1717	7585.0
1718	7443.5
1719	7666.5
1720	7924.4
1721	7843.2
1722	7567.1
1723	7526.6
1724	7810.1
1725	7987.2
1726	7815.3
1727	7563.0
1728	7635.4
1729	7936.4
1730	8009.0
1731	7766.1
1732	7562.8
1733	7726.1
1734	8013.5
1735	7997.2
1736	7721.4
1737	7590.0
1738	7818.9
1739	8059.3
1740	7957.3
1741	7668.6
1742	7615.9
1743	7892.5
1744	8081.9
1745	7921.0
1746	7654.5
1747	7701.0
1748	8003.4
1749	8101.3
1750	7873.4
1751	7654.8
1752	7796.9
1753	8092.0
1754	8099.1
1755	7830.5
1756	7684.1
1757	7903.5
1758	8157.1
1759	8073.2
1760	7791.7
1761	7737.1
1762	8014.3
1763	8205.7
1764	8044.6
1765	7777.6
1766	7828.6
1767	8135.9
1768	8233.4
1769	8005.2
1770	7797.5
1771	7955.2
1772	8249.1
1773	8239.5
1774	7975.6
1775	7886.5
1776	8155.6
1777	8380.5
1778	8247.6
1779	7985.9
1780	8034.8
1781	8346.1
1782	8442.4
1783	8209.9
1784	8007.7
1785	8179.5
1786	8467.3
1787	8435.7
1788	8149.2
1789	8031.1
1790	8284.1
1791	8516.5
1792	8390.2
1793	8107.0
1794	8108.3
1795	8407.5
1796	8542.5
1797	8333.9
1798	8097.2
1799	8220.2
1800	8520.9
1801	8538.5
1802	8267.0
1803	8101.8
1804	8309.4
1805	8570.0
1806	8495.4
1807	8206.3
1808	8133.9
1809	8401.7
1810	8594.8
1811	8432.5
1812	8144.2
1813	8157.5
1814	8457.6
1815	8580.2
1816	8362.4
1817	8129.8
1818	8258.5
1819	8557.1
1820	8569.8
1821	8296.4
1822	8135.3
1823	8355.1
1824	8624.2
1825	8550.1
1826	8266.0
1827	8209.9
1828	8479.1
1829	8657.4
1830	8487.4
1831	8221.0
1832	8273.5
1833	8570.2
1834	8659.7
1835	8423.6
1836	8194.8
1837	8332.6
1838	8626.2
1839	8627.5
1840	8355.7
1841	8204.8
1842	8417.9
1843	8667.7
1844	8581.9
1845	8295.3
1846	8237.2
1847	8511.7
1848	8698.3
1849	8530.1
1850	8262.0
1851	8313.4
1852	8613.4
1853	8701.1
1854	8465.1
1855	8242.7
1856	8383.1
1857	8672.7
1858	8673.0
1859	8396.7
1860	8239.6
1861	8450.8
1862	8701.9
1863	8613.8
1864	8316.2
1865	8230.4
1866	8489.0
1867	8693.0
1868	8544.4
1869	8259.7
1870	8266.2
1871	8558.4
1872	8690.7
1873	8484.9
1874	8239.3
1875	8342.0
1876	8641.1
1877	8679.1
1878	8416.6
1879	8222.9
1880	8398.4
1881	8671.1
1882	8625.8
1883	8332.8
1884	8199.5
1885	8431.2
1886	8671.0
1887	8564.1
1888	8276.9
1889	8240.4
1890	8521.8
1891	8691.7
1892	8512.6
1893	8245.7
1894	8303.6
1895	8606.9
1896	8695.8
1897	8456.9
1898	8227.2
1899	8360.6
1900	8651.3
1901	8655.7
1902	8377.8
1903	8210.8
1904	8420.5
1905	8684.5
1906	8608.9
1907	8316.5
1908	8241.7
1909	8515.5
1910	8722.0
1911	8571.5
1912	8299.8
1913	8337.7
1914	8639.5
1915	8742.8
1916	8510.3
1917	8277.9
1918	8412.9
1919	8710.0
1920	8719.1
1921	8445.3
1922	8290.5
1923	8506.5
1924	8759.1
1925	8670.6
1926	8371.3
1927	8290.8
1928	8555.2
1929	8756.9
1930	8605.9
1931	8318.1
1932	8322.5
1933	8616.6
1934	8745.4
1935	8532.2
1936	8274.5
1937	8368.4
1938	8675.7
1939	8726.4
1940	8473.0
1941	8305.3
1942	8520.7
1943	8799.8
1944	8735.5
1945	8456.2
1946	8411.2
1947	8692.7
1948	8862.4
1949	8676.7
1950	8402.5
1951	8466.8
1952	8786.6
1953	8872.9
1954	8628.6
1955	8431.0
1956	8612.0
1957	8893.4
1958	8848.0
1959	8556.8
1960	8442.5
1961	8691.1
1962	8916.2
1963	8783.1
1964	8489.3
1965	8474.8
1966	8766.1
1967	8909.5
1968	8702.7
1969	8442.1
1970	8533.2
1971	8843.1
1972	8895.2
1973	8633.4
1974	8436.4
1975	8617.9
1976	8895.4
1977	8846.5
1978	8551.1
1979	8429.5
1980	8672.0
1981	8900.1
1982	8773.7
1983	8470.9
1984	8428.4
1985	8716.0
1986	8887.1
1987	8699.1
1988	8423.0
1989	8479.4
1990	8781.3
1991	8860.3
1992	8611.9
1993	8372.5
1994	8507.6
1995	8807.5
1996	8812.4
1997	8530.3
1998	8354.9
1999	8558.2
2000	8822.1
2001	8751.3
2002	8458.6
2003	8368.9
2004	8633.0
2005	8843.2
2006	8693.5
2007	8402.1
2008	8402.3
2009	8699.5
2010	8835.7
2011	8625.8
2012	8369.2
2013	8465.7
2014	8773.1
2015	8823.8
2016	8564.4
2017	8375.9
2018	8565.5
2019	8841.3
2020	8789.6
2021	8495.4
2022	8382.8
2023	8631.4
2024	8855.5
2025	8726.0
2026	8427.3
2027	8393.2
2028	8679.3
2029	8842.2
2030	8652.1
2031	8376.6
2032	8362.2
2033	8302.6
2034	8001.6
2035	7664.5
2036	7349.7
2037	7053.3
2038	6767.9
2039	6485.5
2040	6203.1
2041	5923.5
2042	5650.6
2043	5387.4
2044	5132.1
2045	4879.6
2046	4626.0
2047	4369.2
2048	4109.9
2049	3851.4
2050	3596.7
2051	3348.9
2052	3110.3
2053	2884.2
2054	2670.4
2055	2467.4
2056	2275.0
2057	2093.2
2058	1921.0
2059	1759.2
2060	1609.5
2061	1472.5
2062	1346.6
2063	1231.2
2064	1125.5
2065	1027.1
2066	936.3
2067	853.6
2068	778.5
2069	710.6
2070	650.1
2071	595.1
2072	545.6
2073	500.8
2074	460.0
2075	423.4
2076	390.2
2077	360.5
2078	334.0
2079	310.0
2080	288.5
2081	269.4
2082	252.2
2083	236.9
2084	222.8
2085	210.3
2086	201.1
2087	190.3
2088	180.3
2089	171.4
2090	162.4
2091	154.5
2092	148.6
2093	142.3
2094	136.8
2095	132.3
2096	127.8
2097	123.1
2098	119.4
2099	115.9
2100	113.1
2101	109.9
2102	106.8
2103	103.9
2104	101.6
2105	98.7
2106	96.7
2107	96.2
2108	94.7
2109	92.1
2110	89.6
2111	87.7
2112	86.0
2113	84.5
2114	82.9
2115	81.6
2116	80.8
2117	79.1
2118	78.0
2119	78.0
2120	77.2
2121	75.0
2122	73.8
2123	72.9
2124	71.6
2125	70.4
2126	69.6
2127	68.8
2128	68.3
2129	67.5
2130	65.8
2131	64.3
2132	64.1
2133	64.6
2134	64.6
2135	62.8
2136	60.8
2137	60.6
2138	60.8
2139	61.4
2140	61.0
2141	59.0
2142	57.6
2143	58.0
2144	57.9
2145	56.5
2146	55.0
2147	53.9
2148	54.0
2149	54.8
2150	55.4
2151	54.3
2152	52.1
2153	51.2
2154	50.9
2155	50.1
2156	49.8
2157	48.9
2158	48.3
2159	48.0
2160	48.0
2161	48.1
2162	47.0
2163	46.2
2164	45.3
2165	44.7
2166	44.2
2167	43.9
2168	43.2
2169	42.7
2170	42.4
2171	42.2
2172	41.8
2173	42.1
2174	42.3
2175	41.3
2176	40.1
2177	39.3
2178	38.4
2179	37.8
2180	37.9
2181	37.8
2182	37.6
2183	36.7
2184	35.7
2185	35.8
2186	35.8
2187	35.3
2188	34.7
2189	33.9
2190	33.8
2191	34.7
2192	35.3
2193	34.5
2194	33.1
2195	32.3
2196	31.6
2197	31.4
2198	31.7
2199	31.5
2200	30.9
2201	30.4
2202	29.4
2203	29.7
2204	30.8
2205	31.4
2206	30.4
2207	28.9
2208	28.4
2209	28.1
2210	27.7
2211	27.4
2212	27.1
2213	26.9
2214	26.9
2215	27.0
2216	26.7
2217	26.2
2218	25.7
2219	25.3
2220	25.1
2221	25.2
2222	25.0
2223	24.6
2224	24.3
2225	24.5
2226	24.5
2227	24.0
2228	23.6
2229	23.2
2230	23.2
2231	23.3
2232	23.2
2233	25.3
2234	24.8
2235	22.8
2236	22.0
2237	21.9
2238	22.0
2239	21.5
2240	21.5
2241	21.3
2242	20.9
2243	21.4
2244	21.5
2245	21.9
2246	22.4
2247	21.8
2248	20.6
2249	20.5
2250	20.5
2251	19.5
2252	19.1
2253	19.3
2254	19.3
2255	19.2
2256	19.6
2257	19.3
2258	19.1
2259	18.5
2260	18.4
2261	18.3
2262	17.9
2263	17.8
2264	19.2
2265	19.6
2266	18.5
2267	17.4
2268	17.5
2269	17.8
2270	17.9
2271	17.3
2272	17.1
2273	17.3
2274	16.9
2275	16.8
2276	16.9
2277	16.5
2278	16.5
2279	16.2
2280	16.6
2281	16.5
2282	16.3
2283	16.3
2284	16.1
2285	16.1
2286	16.0
2287	16.0
2288	16.0
2289	15.6
2290	15.7
2291	15.8
2292	16.5
2293	18.0
2294	17.2
2295	16.8
2296	17.3
2297	16.9
2298	17.2
2299	17.5
2300	16.9
2301	15.7
2302	15.0
2303	15.7
2304	15.4
2305	14.3
2306	14.1
2307	15.2
2308	15.5
2309	14.8
2310	14.5
2311	13.7
2312	13.8
2313	14.5
2314	14.7
2315	14.3
2316	14.0
2317	14.0
2318	14.5
2319	15.1
2320	14.4
2321	14.3
2322	14.8
2323	14.4
2324	14.1
2325	13.9
2326	14.8
2327	15.4
2328	14.9
2329	13.9
2330	13.7
2331	14.0
2332	14.0
2333	13.5
2334	13.6
2335	13.7
2336	13.7
2337	13.5
2338	13.4
2339	13.6
2340	13.5
2341	13.5
2342	13.5
2343	13.6
2344	13.6
2345	13.5
2346	13.1
2347	12.8
2348	13.6
2349	14.5
2350	14.3
2351	13.6
2352	13.3
2353	13.1
2354	12.8
2355	12.8
2356	13.1
2357	13.6
2358	13.7
2359	13.7
2360	13.3
2361	12.9
2362	13.0
2363	13.1
2364	12.8
2365	13.2
2366	13.7
2367	12.9
2368	12.4
2369	12.4
2370	12.8
2371	13.4
2372	14.0
2373	13.7
2374	13.1
2375	12.3
2376	12.6
2377	12.9
2378	12.6
2379	12.5
2380	12.1
2381	12.4
2382	12.5
2383	12.5
2384	12.4
2385	12.4
2386	12.3
2387	12.3
2388	13.5
2389	13.8
2390	13.1
2391	12.0
2392	11.8
2393	12.9
2394	12.8
2395	12.2
2396	12.0
2397	12.4
2398	12.8
2399	12.8
2400	12.7
2401	14.1
2402	13.9
2403	13.0
2404	12.4
2405	12.4
2406	12.7
2407	12.5
2408	12.3
2409	12.7
2410	12.6
2411	12.4
2412	12.1
2413	12.4
2414	12.1
2415	11.8
2416	11.9
2417	11.9
2418	11.8
2419	11.5
2420	11.8
2421	12.2
2422	12.0
2423	12.0
2424	12.5
2425	13.6
2426	13.6
2427	12.3
2428	11.4
2429	11.6
2430	12.4
2431	12.1
2432	26.5
2433	109.6
2434	225.3
2435	289.4
2436	369.3
2437	649.5
2438	1124.9
2439	1436.1
2440	1501.4
2441	1616.5
2442	2012.4
2443	2387.0
2444	2468.8
2445	2503.7
2446	2808.6
2447	3213.7
2448	3307.7
2449	3243.8
2450	3411.3
2451	3824.3
2452	4016.5
2453	3947.8
2454	4008.1
2455	4378.1
2456	4647.9
2457	4573.3
2458	4469.9
2459	4701.4
2460	5056.0
2461	5096.2
2462	4930.4
2463	4970.1
2464	5313.4
2465	5515.1
2466	5386.5
2467	5262.4
2468	5495.6
2469	5834.8
2470	5842.3
2471	5644.1
2472	5671.2
2473	6010.6
2474	6198.3
2475	6048.6
2476	5897.2
2477	6104.8
2478	6427.6
2479	6423.7
2480	6199.4
2481	6186.8
2482	6503.7
2483	6697.7
2484	6544.8
2485	6360.5
2486	6530.8
2487	6862.7
2488	6883.6
2489	6646.1
2490	6581.1
2491	6875.2
2492	7102.0
2493	6965.0
2494	6726.6
2495	6814.0
2496	7143.1
2497	7223.7
2498	6995.0
2499	6841.6
2500	7070.5
2501	7357.2
2502	7289.0
2503	7015.6
2504	6976.4
2505	7281.7
2506	7470.5
2507	7300.1
2508	7056.1
2509	7151.4
2510	7472.5
2511	7535.7
2512	7293.5
2513	7131.4
2514	7352.5
2515	7632.2
2516	7562.5
2517	7283.9
2518	7234.5
2519	7531.4
2520	7723.9
2521	7554.9
2522	7297.9
2523	7377.2
2524	7702.2
2525	7777.8
2526	7534.1
2527	7348.7
2528	7544.8
2529	7833.7
2530	7786.6
2531	7504.9
2532	7418.5
2533	7694.3
2534	7910.0
2535	7761.9
2536	7487.4
2537	7523.3
2538	7842.1
2539	7954.7
2540	7728.3
2541	7508.1
2542	7663.2
2543	7968.4
2544	7959.7
2545	7682.9
2546	7552.3
2547	7801.7
2548	8049.4
2549	7934.3
2550	7643.0
2551	7608.7
2552	7907.2
2553	8077.0
2554	7888.5
2555	7632.5
2556	7724.2
2557	8042.2
2558	8097.2
2559	7839.1
2560	7647.9
2561	7841.5
2562	8127.1
2563	8076.3
2564	7785.2
2565	7676.6
2566	7936.8
2567	8165.0
2568	8034.3
2569	7748.0
2570	7743.5
2571	8047.5
2572	8190.1
2573	7983.9
2574	7733.9
2575	7840.5
2576	8153.0
2577	8193.4
2578	7929.8
2579	7737.2
2580	7928.1
2581	8211.4
2582	8157.3
2583	7859.9
2584	7737.5
2585	7991.0
2586	8230.7
2587	8107.7
2588	7814.3
2589	7788.0
2590	8083.2
2591	8243.7
2592	8049.4
2593	7784.8
2594	7864.6
2595	8178.6
2596	8245.4
2597	7992.3
2598	7772.2
2599	7930.3
2600	8227.9
2601	8217.2
2602	7939.5
2603	7800.5
2604	8037.0
2605	8287.0
2606	8183.1
2607	7901.4
2608	7876.5
2609	8178.9
2610	8348.1
2611	8154.5
2612	7890.7
2613	7974.7
2614	8287.7
2615	8347.4
2616	8091.3
2617	7888.4
2618	8066.8
2619	8356.9
2620	8318.9
2621	8025.3
2622	7890.8
2623	8133.1
2624	8379.3
2625	8266.5
2626	7967.5
2627	7917.2
2628	8203.0
2629	8382.2
2630	8201.3
2631	7915.3
2632	7947.3
2633	8256.9
2634	8374.4
2635	8152.9
2636	7922.9
2637	8059.7
2638	8362.3
2639	8367.4
2640	8088.8
2641	7918.1
2642	8128.5
2643	8399.9
2644	8328.1
2645	8029.0
2646	7928.6
2647	8187.9
2648	8405.5
2649	8265.8
2650	7976.1
2651	7964.6
2652	8261.8
2653	8418.1
2654	8226.2
2655	7985.4
2656	8099.2
2657	8411.6
2658	8449.6
2659	8186.7
2660	8015.4
2661	8226.0
2662	8498.5
2663	8426.2
2664	8130.2
2665	8041.0
2666	8312.1
2667	8525.5
2668	8374.7
2669	8088.1
2670	8100.6
2671	8405.4
2672	8532.9
2673	8313.4
2674	8058.0
2675	8161.1
2676	8469.2
2677	8508.7
2678	8238.2
2679	8032.1
2680	8209.7
2681	8496.6
2682	8460.2
2683	8168.7
2684	8037.7
2685	8278.1
2686	8521.8
2687	8416.2
2688	8129.5
2689	8103.7
2690	8400.6
2691	8561.2
2692	8363.8
2693	8090.3
2694	8156.0
2695	8467.1
2696	8545.7
2697	8297.1
2698	8073.5
2699	8223.6
2700	8520.5
2701	8515.0
2702	8235.0
2703	8084.6
2704	8308.3
2705	8560.3
2706	8465.4
2707	8165.7
2708	8092.1
2709	8366.7
2710	8567.2
2711	8411.6
2712	8136.6
2713	8170.1
2714	8481.8
2715	8596.2
2716	8370.0
2717	8138.0
2718	8274.5
2719	8576.0
2720	8582.9
2721	8307.7
2722	8156.0
2723	8379.3
2724	8631.3
2725	8536.7
2726	8235.8
2727	8157.5
2728	8427.7
2729	8627.8
2730	8469.6
2731	8175.4
2732	8177.9
2733	8478.6
2734	8613.4
2735	8402.7
2736	8148.9
2737	8247.4
2738	8554.9
2739	8601.4
2740	8351.0
2741	8193.6
2742	8409.6
2743	8678.3
2744	8604.1
2745	8316.9
2746	8251.9
2747	8532.7
2748	8726.8
2749	8555.7
2750	8262.3
2751	8279.6
2752	8585.2
2753	8705.2
2754	8481.3
2755	8232.3
2756	8343.3
2757	8643.9
2758	8670.7
2759	8399.5
2760	8207.1
2761	8392.0
2762	8670.2
2763	8620.7
2764	8322.3
2765	8193.7
2766	8437.4
2767	8675.0
2768	8555.2
2769	8254.2
2770	8211.9
2771	8501.9
2772	8677.1
2773	8493.6
2774	8209.2
2775	8248.7
2776	8552.0
2777	8646.6
2778	8408.1
2779	8158.1
2780	8267.6
2781	8567.0
2782	8597.1
2783	8326.4
2784	8121.7
2785	8292.6
2786	8575.9
2787	8547.6
2788	8263.1
2789	8137.6
2790	8382.8
2791	8624.6
2792	8521.5
2793	8263.7
2794	8282.2
2795	8588.6
2796	8718.4
2797	8504.9
2798	8266.7
2799	8387.9
2800	8689.1
2801	8705.7
2802	8424.8
2803	8229.7
2804	8419.1
2805	8696.5
2806	8644.5
2807	8347.0
2808	8216.5
2809	8453.0
2810	8688.8
2811	8574.2
2812	8271.5
2813	8209.1
2814	8485.0
2815	8672.0
2816	8502.4
2817	8217.6
2818	8239.3
2819	8541.6
2820	8659.6
2821	8437.3
2822	8191.8
2823	8307.8
2824	8614.1
2825	8651.8
2826	8398.2
2827	8248.9
2828	8483.4
2829	8751.0
2830	8665.9
2831	8377.8
2832	8254.2
2833	8145.9
2834	7863.5
2835	7552.2
2836	7259.3
2837	6975.5
2838	6694.2
2839	6412.9
2840	6132.9
2841	5858.7
2842	5595.9
2843	5347.2
2844	5110.2
2845	4875.0
2846	4633.6
2847	4384.9
2848	4133.1
2849	3878.2
2850	3630.5
2851	3392.5
2852	3161.9
2853	2941.0
2854	2730.2
2855	2529.1
2856	2335.8
2857	2149.0
2858	1972.5
2859	1810.1
2860	1661.4
2861	1524.7
2862	1397.7
2863	1278.8
2864	1168.9
2865	1067.4
2866	974.1
2867	888.4
2868	811.3
2869	742.1
2870	679.8
2871	623.3
2872	571.7
2873	525.5
2874	483.3
2875	444.7
2876	409.8
2877	378.7
2878	351.1
2879	326.5
2880	303.3
2881	282.0
2882	264.4
2883	247.8
2884	232.5
2885	218.1
2886	205.3
2887	194.9
2888	186.2
2889	178.1
2890	171.1
2891	163.3
2892	154.7
2893	148.0
2894	142.9
2895	137.7
2896	132.5
2897	127.6
2898	122.4
2899	118.7
2900	116.8
2901	115.3
2902	112.3
2903	108.0
2904	103.8
2905	101.8
2906	100.3
2907	98.3
2908	95.6
2909	94.4
2910	94.1
2911	93.0
2912	90.2
2913	87.3
2914	84.6
2915	83.7
2916	83.3
2917	82.2
2918	80.6
2919	79.2
2920	79.4
2921	79.2
2922	77.5
2923	75.9
2924	75.2
2925	74.2
2926	73.3
2927	72.4
2928	70.3
2929	69.1
2930	69.4
2931	69.7
2932	69.0
2933	67.0
2934	65.1
2935	64.8
2936	65.6
2937	65.4
2938	63.9
2939	62.8
2940	62.9
2941	62.9
2942	62.3
2943	60.9
2944	60.0
2945	59.0
2946	59.1
2947	59.4
2948	59.0
2949	57.6
2950	56.2
2951	55.0
2952	54.4
2953	54.1
2954	53.9
2955	54.0
2956	53.6
2957	52.9
2958	52.1
2959	51.7
2960	50.9
2961	50.5
2962	50.1
2963	49.8
2964	48.8
2965	48.0
2966	47.9
2967	48.4
2968	48.7
2969	49.3
2970	47.4
2971	45.6
2972	46.0
2973	45.4
2974	44.7
2975	45.5
2976	46.1
2977	45.1
2978	42.7
2979	40.5
2980	40.2
2981	40.7
2982	42.1
2983	42.0
2984	41.1
2985	39.5
2986	37.9
2987	37.9
2988	38.4
2989	38.2
2990	38.0
2991	38.3
2992	38.9
2993	38.1
2994	36.4
2995	35.0
2996	34.8
2997	35.7
2998	36.1
2999	35.5
3000	34.7
3001	34.8
3002	34.6
3003	33.8
3004	33.8
3005	34.0
3006	32.6
3007	32.9
3008	34.9
3009	35.1
3010	33.2
3011	31.3
3012	30.7
3013	30.3
3014	29.6
3015	28.6
3016	28.7
3017	30.7
3018	32.8
3019	33.0
3020	31.7
3021	29.4
3022	27.7
3023	26.7
3024	27.4
3025	29.0
3026	30.1
3027	30.5
3028	30.2
3029	28.8
3030	26.6
3031	24.9
3032	25.1
3033	26.5
3034	27.7
3035	28.7
3036	27.5
3037	24.8
3038	23.2
3039	24.9
3040	26.5
3041	26.7
3042	26.3
3043	25.9
3044	25.5
3045	25.3
3046	24.3
3047	22.7
3048	22.2
3049	23.0
3050	24.3
3051	24.7
3052	24.4
3053	24.1
3054	23.6
3055	22.4
3056	22.5
3057	22.7
3058	23.2
3059	23.3
3060	22.8
3061	22.6
3062	23.5
3063	24.3
3064	23.2
3065	21.3
3066	20.9
3067	22.4
3068	23.7
3069	24.0
3070	22.5
3071	21.1
3072	20.4
3073	20.5
3074	20.9
3075	20.8
3076	19.7
3077	20.1
3078	21.2
3079	21.8
3080	21.7
3081	20.6
3082	20.3
3083	20.6
3084	19.8
3085	19.7
3086	20.2
3087	20.0
3088	19.8
3089	19.8
3090	19.2
3091	19.1
3092	19.3
3093	20.1
3094	21.0
3095	20.5
3096	19.8
3097	19.1
3098	18.8
3099	18.5
3100	18.5
3101	18.7
3102	18.8
3103	19.5
3104	20.3
3105	19.0
3106	16.1
3107	14.4
3108	16.5
3109	19.7
3110	20.8
3111	19.3
3112	17.5
3113	16.7
3114	17.2
3115	17.5
3116	17.6
3117	17.6
3118	17.7
3119	17.9
3120	18.2
3121	18.1
3122	16.8
3123	15.8
3124	16.4
3125	17.3
3126	17.1
3127	16.3
3128	16.3
3129	16.9
3130	17.0
3131	16.9
3132	16.8
3133	17.0
3134	17.4
3135	17.0
3136	17.4
3137	17.0
3138	16.3
3139	15.9
3140	15.9
3141	16.9
3142	16.9
3143	16.0
3144	15.5
3145	15.6
3146	16.5
3147	16.7
3148	17.0
3149	16.8
3150	15.5
3151	15.3
3152	16.1
3153	15.8
3154	15.5
3155	15.8
3156	15.8
3157	16.0
3158	15.6
3159	15.0
3160	15.1
3161	15.7
3162	15.8
3163	15.2
3164	14.9
3165	15.6
3166	16.6
3167	15.9
3168	15.5
3169	15.7
3170	15.8
3171	15.9
3172	15.6
3173	15.6
3174	15.6
3175	15.5
3176	16.1
3177	16.9
3178	16.4
3179	15.4
3180	14.6
3181	14.6
3182	14.9
3183	14.9
3184	14.9
3185	15.5
3186	16.5
3187	15.7
3188	15.3
3189	14.7
3190	14.5
3191	14.9
3192	15.0
3193	15.0
3194	14.5
3195	14.4
3196	14.7
3197	14.3
3198	14.1
3199	14.1
3200	13.9
3201	14.7
3202	15.0
3203	15.0
3204	14.5
3205	14.0
3206	14.4
3207	15.6
3208	16.3
3209	16.2
3210	15.0
3211	14.5
3212	14.8
3213	15.1
3214	14.7
3215	14.0
3216	13.9
3217	14.0
3218	13.9
3219	14.0
3220	14.0
3221	14.0
3222	14.1
3223	13.7
3224	13.8
3225	13.7
3226	13.4
3227	14.1
3228	14.6
3229	14.5
3230	14.2
3231	14.3
3232	32.7
3233	133.2
3234	274.6
3235	367.8
3236	481.2
3237	794.2
3238	1265.4
3239	1539.2
3240	1592.3
3241	1727.5
3242	2131.4
3243	2474.4
3244	2535.4
3245	2566.0
3246	2864.3
3247	3251.3
3248	3337.3
3249	3257.7
3250	3384.8
3251	3778.6
3252	3997.2
3253	3926.1
3254	3897.6
3255	4188.6
3256	4515.0
3257	4514.4
3258	4369.1
3259	4471.5
3260	4836.4
3261	5009.8
3262	4881.4
3263	4795.1
3264	5051.3
3265	5370.2
3266	5360.6
3267	5177.2
3268	5231.2
3269	5575.5
3270	5756.2
3271	5611.9
3272	5468.3
3273	5668.7
3274	5992.2
3275	6004.9
3276	5789.3
3277	5751.5
3278	6053.5
3279	6287.0
3280	6177.0
3281	5982.3
3282	6098.9
3283	6430.7
3284	6511.3
3285	6297.7
3286	6160.6
3287	6387.8
3288	6678.6
3289	6636.6
3290	6393.9
3291	6364.9
3292	6661.4
3293	6859.6
3294	6709.5
3295	6476.4
3296	6563.7
3297	6885.2
3298	6977.6
3299	6765.9
3300	6612.5
3301	6831.1
3302	7129.8
3303	7092.7
3304	6841.3
3305	6806.8
3306	7101.6
3307	7292.3
3308	7132.1
3309	6886.0
3310	6966.0
3311	7289.3
3312	7374.3
3313	7145.1
3314	6963.4
3315	7146.1
3316	7437.5
3317	7414.1
3318	7153.8
3319	7076.9
3320	7353.5
3321	7578.6
3322	7449.2
3323	7199.2
3324	7262.6
3325	7583.6
3326	7685.4
3327	7464.8
3328	7288.0
3329	7479.7
3330	7764.5
3331	7721.2
3332	7442.0
3333	7348.5
3334	7614.0
3335	7839.5
3336	7708.2
3337	7439.3
3338	7469.5
3339	7783.5
3340	7901.8
3341	7681.3
3342	7456.7
3343	7598.2
3344	7903.1
3345	7913.9
3346	7653.3
3347	7531.4
3348	7776.6
3349	8023.3
3350	7916.2
3351	7636.3
3352	7626.8
3353	7932.0
3354	8085.4
3355	7884.6
3356	7629.6
3357	7724.2
3358	8033.1
3359	8082.2
3360	7824.0
3361	7624.1
3362	7804.7
3363	8093.2
3364	8057.8
3365	7773.1
3366	7655.7
3367	7901.4
3368	8129.9
3369	8006.6
3370	7719.0
3371	7706.0
3372	8020.2
3373	8180.3
3374	7982.5
3375	7740.4
3376	7855.8
3377	8164.1
3378	8193.8
3379	7924.7
3380	7738.0
3381	7930.2
3382	8209.8
3383	8162.1
3384	7887.6
3385	7817.5
3386	8096.6
3387	8301.4
3388	8150.1
3389	7882.6
3390	7927.1
3391	8231.1
3392	8327.2
3393	8094.7
3394	7863.5
3395	8000.9
3396	8300.7
3397	8304.2
3398	8024.6
3399	7857.3
3400	8068.1
3401	8333.5
3402	8261.2
3403	7973.4
3404	7901.7
3405	8175.6
3406	8371.4
3407	8209.2
3408	7925.1
3409	7948.5
3410	8253.7
3411	8372.6
3412	8148.6
3413	7888.3
3414	7981.0
3415	8285.2
3416	8337.7
3417	8082.4
3418	7882.4
3419	8058.0
3420	8340.6
3421	8305.6
3422	8032.5
3423	7946.6
3424	8225.4
3425	8449.7
3426	8310.8
3427	8030.4
3428	8044.4
3429	8340.5
3430	8462.2
3431	8244.2
3432	7996.2
3433	8108.1
3434	8412.3
3435	8443.0
3436	8175.3
3437	7982.2
3438	8164.8
3439	8441.4
3440	8393.1
3441	8098.5
3442	7967.3
3443	8203.8
3444	8443.0
3445	8329.8
3446	8026.3
3447	7955.1
3448	8225.8
3449	8422.7
3450	8264.3
3451	7975.0
3452	7977.4
3453	8269.2
3454	8401.7
3455	8192.8
3456	7923.8
3457	7995.4
3458	8302.3
3459	8376.6
3460	8129.5
3461	7903.2
3462	8047.0
3463	8342.7
3464	8345.4
3465	8070.1
3466	7908.4
3467	8123.5
3468	8389.9
3469	8316.8
3470	8024.8
3471	7937.3
3472	8200.0
3473	8411.6
3474	8269.6
3475	7983.7
3476	7983.5
3477	8280.0
3478	8418.6
3479	8212.9
3480	7955.0
3481	8038.9
3482	8342.9
3483	8403.7
3484	8149.1
3485	7927.9
3486	8081.9
3487	8379.1
3488	8374.0
3489	8093.8
3490	7933.8
3491	8145.8
3492	8406.4
3493	8331.4
3494	8038.9
3495	7952.1
3496	8216.8
3497	8429.9
3498	8290.1
3499	8003.5
3500	7998.4
3501	8292.7
3502	8436.4
3503	8233.9
3504	7962.6
3505	8028.9
3506	8336.3
3507	8414.1
3508	8173.8
3509	7974.2
3510	8151.3
3511	8448.4
3512	8425.2
3513	8139.1
3514	8003.9
3515	8240.0
3516	8486.8
3517	8383.4
3518	8090.1
3519	8039.5
3520	8324.8
3521	8505.4
3522	8329.7
3523	8060.1
3524	8114.2
3525	8430.3
3526	8524.3
3527	8279.9
3528	8038.5
3529	8171.0
3530	8477.4
3531	8492.6
3532	8214.0
3533	8029.8
3534	8225.1
3535	8497.9
3536	8438.1
3537	8141.8
3538	8026.4
3539	8277.7
3540	8510.4
3541	8386.8
3542	8085.9
3543	8040.8
3544	8324.9
3545	8503.1
3546	8325.3
3547	8044.9
3548	8083.6
3549	8387.1
3550	8489.1
3551	8255.7
3552	8004.1
3553	8114.1
3554	8421.3
3555	8457.7
3556	8187.6
3557	7975.3
3558	8139.8
3559	8430.8
3560	8412.0
3561	8131.6
3562	8000.3
3563	8237.4
3564	8481.9
3565	8374.9
3566	8078.8
3567	8025.7
3568	8311.1
3569	8501.8
3570	8331.5
3571	8047.9
3572	8074.3
3573	8375.1
3574	8488.7
3575	8260.5
3576	7988.6
3577	8067.6
3578	8373.6
3579	8442.5
3580	8189.2
3581	7946.1
3582	8072.4
3583	8370.2
3584	8391.1
3585	8120.8
3586	7924.8
3587	8103.9
3588	8385.2
3589	8348.6
3590	8055.9
3591	7904.0
3592	8128.3
3593	8388.7
3594	8303.6
3595	8004.5
3596	7910.8
3597	8164.9
3598	8379.5
3599	8241.4
3600	7937.2
3601	7890.8
3602	8173.5
3603	8357.8
3604	8189.0
3605	7900.4
3606	7912.1
3607	8209.7
3608	8339.9
3609	8127.5
3610	7857.8
3611	7927.9
3612	8237.7
3613	8320.7
3614	8076.3
3615	7838.0
3616	7965.3
3617	8268.1
3618	8296.7
3619	8031.9
3620	7846.2
3621	8031.5
3622	8312.8
3623	8274.9
3624	7986.4
3625	7853.6
3626	8086.0
3627	8330.9
3628	8230.4
3629	7930.2
3630	7848.0
3631	8113.6
3632	8289.8
3633	8026.8
3634	7598.6
3635	7192.3
3636	6818.6
3637	6467.0
3638	6122.8
3639	5771.3
3640	5405.8
3641	5028.7
3642	4654.2
3643	4298.8
3644	3972.9
3645	3678.7
3646	3411.0
3647	3158.7
3648	2911.9
3649	2668.4
3650	2433.1
3651	2211.9
3652	2010.5
3653	1831.5
3654	1673.3
3655	1531.8
3656	1400.3
3657	1273.6
3658	1151.5
3659	1037.5
3660	935.0
3661	846.7
3662	770.1
3663	702.7
3664	642.3
3665	587.5
3666	536.1
3667	487.0
3668	442.5
3669	403.6
3670	370.0
3671	341.7
3672	316.9
3673	295.7
3674	275.8
3675	256.2
3676	237.6
3677	221.2
3678	206.6
3679	194.7
3680	185.1
3681	176.6
3682	168.2
3683	160.3
3684	153.4
3685	147.8
3686	141.0
3687	133.9
3688	128.6
3689	124.9
3690	120.9
3691	116.7
3692	113.2
3693	110.2
3694	106.9
3695	103.7
3696	101.5
3697	99.5
3698	97.3
3699	94.7
3700	92.3
3701	91.1
3702	89.8
3703	87.8
3704	85.3
3705	83.2
3706	82.7
3707	82.9
3708	82.4
3709	80.4
3710	78.5
3711	77.4
3712	75.7
3713	75.6
3714	75.7
3715	74.0
3716	72.5
3717	71.5
3718	70.3
3719	69.8
3720	68.8
3721	67.3
3722	67.1
3723	66.6
3724	65.5
3725	64.8
3726	64.0
3727	63.9
3728	62.7
3729	61.7
3730	61.2
3731	60.7
3732	60.2
3733	59.3
3734	58.5
3735	58.4
3736	57.7
3737	56.9
3738	56.4
3739	55.9
3740	55.5
3741	54.7
3742	55.9
3743	57.1
3744	55.2
3745	54.6
3746	53.4
3747	51.9
3748	51.4
3749	51.2
3750	50.4
3751	49.8
3752	49.5
3753	49.1
3754	48.6
3755	47.8
3756	47.1
3757	47.2
3758	46.8
3759	46.8
3760	46.9
3761	46.5
3762	45.5
3763	44.5
3764	44.6
3765	44.8
3766	45.0
3767	44.3
3768	44.1
3769	44.7
3770	44.7
3771	43.0
3772	40.4
3773	39.8
3774	41.1
3775	43.3
3776	43.1
3777	41.1
3778	38.8
3779	37.8
3780	37.8
3781	37.6
3782	37.5
3783	37.4
3784	38.0
3785	38.2
3786	37.3
3787	35.7
3788	34.4
3789	34.1
3790	34.8
3791	35.9
3792	35.7
3793	34.6
3794	33.9
3795	33.5
3796	33.3
3797	32.9
3798	32.6
3799	32.6
3800	32.7
3801	32.7
3802	32.2
3803	32.1
3804	34.0
3805	33.0
3806	31.8
3807	32.1
3808	31.4
3809	30.4
3810	30.3
3811	30.0
3812	30.7
3813	31.1
3814	30.7
3815	30.3
3816	29.5
3817	28.7
3818	28.6
3819	28.5
3820	28.5
3821	27.8
3822	27.1
3823	27.0
3824	26.7
3825	27.0
3826	27.3
3827	26.7
3828	26.6
3829	26.3
3830	26.1
3831	26.5
3832	25.9
3833	25.6
3834	25.2
3835	24.6
3836	24.9
3837	25.7
3838	26.4
3839	25.9
3840	25.3
3841	24.5
3842	24.4
3843	24.6
3844	24.4
3845	24.1
3846	23.9
3847	24.2
3848	24.4
3849	23.9
3850	23.6
3851	23.2
3852	23.1
3853	23.2
3854	23.0
3855	22.5
3856	22.5
3857	22.5
3858	22.8
3859	22.9
3860	22.5
3861	22.4
3862	22.0
3863	22.1
3864	22.7
3865	23.2
3866	22.6
3867	22.4
3868	22.9
3869	22.8
3870	22.0
3871	20.8
3872	20.8
3873	21.0
3874	20.4
3875	20.7
3876	20.9
3877	20.8
3878	20.4
3879	20.6
3880	21.1
3881	21.9
3882	22.2
3883	22.1
3884	20.7
3885	20.3
3886	20.2
3887	19.8
3888	20.0
3889	20.3
3890	20.5
3891	20.5
3892	20.8
3893	20.6
3894	21.1
3895	20.9
3896	19.7
3897	19.3
3898	19.5
3899	19.0
3900	19.1
3901	19.5
3902	19.6
3903	19.5
3904	19.1
3905	19.0
3906	19.3
3907	19.1
3908	19.2
3909	19.0
3910	18.7
3911	18.6
3912	18.6
3913	19.1
3914	18.8
3915	18.4
3916	18.7
3917	20.1
3918	20.5
3919	19.5
3920	19.5
3921	20.0
3922	19.5
3923	18.3
3924	17.5
3925	18.3
3926	18.7
3927	18.7
3928	18.4
3929	18.0
3930	18.2
3931	18.5
3932	18.1
3933	17.9
3934	17.8
3935	18.2
3936	18.3
3937	17.5
3938	17.0
3939	17.3
3940	17.6
3941	17.8
3942	17.8
3943	17.0
3944	16.5
3945	17.2
3946	18.7
3947	19.9
3948	19.3
3949	18.3
3950	19.0
3951	19.7
3952	19.5
3953	18.9
3954	18.0
3955	17.3
3956	16.8
3957	17.8
3958	18.4
3959	17.1
3960	15.4
3961	15.0
3962	16.9
3963	19.1
3964	18.5
3965	16.5
3966	14.5
3967	15.9
3968	19.1
3969	21.6
3970	19.9
3971	15.9
3972	14.3
3973	15.7
3974	17.4
3975	18.3
3976	18.6
3977	18.9
3978	19.1
3979	18.5
3980	16.8
3981	14.6
3982	