3.0
8705	2.8
8706	2.0
8707	2.0
8708	3.3
8709	4.7
8710	4.3
8711	2.7
8712	1.7
8713	2.2
8714	2.3
8715	1.6
8716	0.7
8717	0.7
8718	1.4
8719	1.4
8720	1.7
8721	1.5
8722	1.2
8723	1.0
8724	1.0
8725	1.7
8726	2.2
8727	1.1
8728	0.2
8729	0.5
8730	1.1
8731	1.5
8732	1.1
8733	0.6
8734	-0.0
8735	-0.1
8736	0.1
8737	1.2
8738	1.4
8739	1.1
8740	0.4
8741	-0.2
8742	-0.6
8743	-0.8
8744	0.3
8745	0.9
8746	-0.6
8747	-1.9
8748	-1.2
8749	0.1
8750	1.3
8751	1.9
8752	0.7
8753	-0.4
8754	-0.3
8755	-0.6
8756	-0.8
8757	-1.0
8758	-1.0
8759	-0.9
8760	-0.5
8761	-0.8
8762	-0.9
8763	-1.2
8764	-2.3
8765	-2.5
8766	-1.8
8767	-1.2
8768	-1.7
8769	-2.2
8770	-1.2
8771	-0.6
8772	-0.2
8773	-0.1
8774	-1.2
8775	-2.0
8776	-2.7
8777	-3.5
8778	-3.8
8779	-2.8
8780	-0.7
8781	0.3
8782	0.1
8783	-1.9
8784	-3.8
8785	-4.1
8786	-2.5
8787	0.7
8788	2.4
8789	2.6
8790	3.0
8791	2.9
8792	2.2
8793	0.4
8794	-1.0
8795	-0.7
8796	1.4
8797	3.6
8798	3.9
8799	2.1
8800	1.1
8801	0.9
8802	0.7
8803	0.6
8804	0.4
8805	1.4
8806	2.2
8807	1.9
8808	1.7
8809	1.5
8810	1.3
8811	1.0
8812	-0.7
8813	-1.3
8814	-1.2
8815	-1.1
8816	-0.3
8817	-0.7
8818	-1.4
8819	-1.8
8820	-1.9
8821	-1.3
8822	-1.3
8823	-1.7
8824	-1.4
8825	-0.8
8826	-0.9
8827	-1.6
8828	-2.0
8829	-2.2
8830	-2.2
8831	-2.4
8832	5.5
8833	90.3
8834	323.1
8835	518.3
8836	664.4
8837	968.1
8838	1473.3
8839	1802.9
8840	1900.5
8841	2145.2
8842	2626.0
8843	2917.6
8844	2964.2
8845	3173.5
8846	3628.1
8847	3872.3
8848	3846.5
8849	3988.4
8850	4409.0
8851	4642.8
8852	4592.5
8853	4690.9
8854	5095.1
8855	5337.0
8856	5254.7
8857	5270.2
8858	5630.0
8859	5899.7
8860	5833.4
8861	5823.7
8862	6175.9
8863	6467.6
8864	6392.6
8865	6312.9
8866	6601.5
8867	6909.1
8868	6856.9
8869	6717.6
8870	6930.7
8871	7274.0
8872	7279.5
8873	7097.7
8874	7220.2
8875	7581.7
8876	7665.8
8877	7492.8
8878	7553.5
8879	7915.4
8880	8053.3
8881	7866.2
8882	7822.3
8883	8142.6
8884	8354.1
8885	8198.5
8886	8052.0
8887	8290.1
8888	8575.3
8889	8496.9
8890	8274.7
8891	8391.2
8892	8724.8
8893	8763.6
8894	8534.3
8895	8526.8
8896	8865.0
8897	9031.2
8898	8853.3
8899	8781.5
8900	9089.0
8901	9306.3
8902	9151.7
8903	8996.5
8904	9230.7
8905	9514.1
8906	9424.1
8907	9185.8
8908	9288.6
8909	9611.9
8910	9643.1
8911	9413.4
8912	9418.2
8913	9746.2
8914	9871.4
8915	9646.5
8916	9515.9
8917	9777.5
8918	10008.3
8919	9861.1
8920	9613.2
8921	9726.8
8922	10032.7
8923	10029.3
8924	9749.4
8925	9671.6
8926	9960.1
8927	10135.4
8928	9942.9
8929	9732.8
8930	9912.3
8931	10200.6
8932	10133.3
8933	9859.3
8934	9871.3
8935	10187.3
8936	10288.9
8937	10047.7
8938	9891.3
8939	10128.2
8940	10368.3
8941	10230.2
8942	9957.6
8943	10028.8
8944	10338.7
8945	10375.0
8946	10101.3
8947	9970.3
8948	10226.3
8949	10441.4
8950	10282.8
8951	10029.3
8952	10142.2
8953	10449.5
8954	10448.2
8955	10168.0
8956	10087.3
8957	10373.1
8958	10548.1
8959	10348.4
8960	10108.6
8961	10253.5
8962	10545.2
8963	10508.0
8964	10222.1
8965	10168.4
8966	10459.0
8967	10605.8
8968	10395.2
8969	10197.1
8970	10389.7
8971	10664.3
8972	10582.1
8973	10318.5
8974	10360.3
8975	10676.5
8976	10746.6
8977	10483.7
8978	10329.6
8979	10570.6
8980	10801.9
8981	10660.6
8982	10396.7
8983	10478.3
8984	10782.7
8985	10801.6
8986	10522.8
8987	10404.8
8988	10668.6
8989	10869.6
8990	10696.1
8991	10434.1
8992	10530.9
8993	10828.9
8994	10828.6
8995	10538.2
8996	10420.1
8997	10685.5
8998	10884.4
8999	10708.0
9000	10447.9
9001	10547.7
9002	10844.8
9003	10844.3
9004	10560.4
9005	10455.8
9006	10725.0
9007	10917.5
9008	10736.6
9009	10478.5
9010	10587.0
9011	10885.3
9012	10879.5
9013	10590.4
9014	10484.9
9015	10750.0
9016	10936.6
9017	10751.1
9018	10487.6
9019	10592.4
9020	10893.7
9021	10896.2
9022	10620.4
9023	10534.4
9024	10811.8
9025	10986.5
9026	10789.3
9027	10535.8
9028	10658.7
9029	10954.8
9030	10934.7
9031	10642.9
9032	10545.6
9033	10817.1
9034	10999.3
9035	10812.5
9036	10563.3
9037	10683.4
9038	10975.2
9039	10955.0
9040	10662.1
9041	10560.8
9042	10823.8
9043	11005.1
9044	10822.2
9045	10571.8
9046	10685.2
9047	10977.5
9048	10962.7
9049	10669.3
9050	10554.1
9051	10815.0
9052	11012.8
9053	10840.6
9054	10574.5
9055	10653.8
9056	10950.1
9057	10968.9
9058	10684.9
9059	10535.0
9060	10771.4
9061	10995.7
9062	10851.2
9063	10563.5
9064	10600.5
9065	10901.5
9066	10965.8
9067	10707.1
9068	10530.2
9069	10736.2
9070	10976.0
9071	10862.2
9072	10578.3
9073	10588.9
9074	10887.8
9075	10980.1
9076	10731.2
9077	10527.6
9078	10713.0
9079	10973.6
9080	10882.6
9081	10580.9
9082	10537.9
9083	10823.6
9084	10955.2
9085	10729.8
9086	10479.3
9087	10605.6
9088	10890.0
9089	10865.1
9090	10570.4
9091	10454.8
9092	10708.7
9093	10904.7
9094	10734.1
9095	10451.4
9096	10509.7
9097	10808.9
9098	10851.6
9099	10579.0
9100	10406.9
9101	10626.7
9102	10870.4
9103	10749.9
9104	10455.3
9105	10457.3
9106	10753.5
9107	10851.3
9108	10613.8
9109	10435.1
9110	10658.7
9111	10935.1
9112	10846.3
9113	10605.1
9114	10693.1
9115	11006.7
9116	11034.2
9117	10768.3
9118	10684.7
9119	10969.4
9120	11151.9
9121	10963.0
9122	10741.5
9123	10907.1
9124	11195.4
9125	11136.8
9126	10852.2
9127	10831.2
9128	11132.7
9129	11250.6
9130	11012.7
9131	10808.4
9132	10998.0
9133	11259.4
9134	11165.5
9135	10889.7
9136	10905.6
9137	11208.4
9138	11296.5
9139	11044.4
9140	10862.2
9141	11068.4
9142	11310.1
9143	11194.4
9144	10911.5
9145	10931.9
9146	11235.7
9147	11315.5
9148	11078.6
9149	10959.7
9150	11230.3
9151	11458.5
9152	11315.0
9153	11118.2
9154	11293.0
9155	11584.9
9156	11529.4
9157	11286.2
9158	11356.9
9159	11671.7
9160	11706.7
9161	11445.8
9162	11368.1
9163	11653.9
9164	11816.6
9165	11607.7
9166	11388.9
9167	11561.3
9168	11834.6
9169	11755.9
9170	11486.4
9171	11516.0
9172	11824.9
9173	11884.5
9174	11621.8
9175	11491.7
9176	11748.8
9177	11956.2
9178	11785.6
9179	11538.6
9180	11658.6
9181	11948.3
9182	11916.5
9183	11622.4
9184	11547.9
9185	11827.8
9186	11974.8
9187	11750.2
9188	11499.4
9189	11638.3
9190	11919.7
9191	11870.3
9192	11577.7
9193	11524.6
9194	11809.4
9195	11936.0
9196	11706.2
9197	11492.7
9198	11671.1
9199	11939.1
9200	11852.1
9201	11559.1
9202	11546.2
9203	11842.4
9204	11935.8
9205	11686.0
9206	11503.3
9207	11714.5
9208	11959.3
9209	11838.0
9210	11553.1
9211	11584.4
9212	11882.1
9213	11936.7
9214	11666.1
9215	11495.0
9216	11711.6
9217	11937.2
9218	11796.6
9219	11509.2
9220	11549.0
9221	11845.2
9222	11889.6
9223	11611.6
9224	11437.6
9225	11654.3
9226	11882.0
9227	11743.9
9228	11445.5
9229	11456.3
9230	11747.7
9231	11817.2
9232	11489.3
9233	10921.3
9234	10445.1
9235	10078.6
9236	9756.1
9237	9445.7
9238	9121.8
9239	8772.7
9240	8407.7
9241	8048.1
9242	7713.4
9243	7412.0
9244	7138.4
9245	6878.7
9246	6617.6
9247	6346.2
9248	6065.9
9249	5783.8
9250	5511.1
9251	5255.5
9252	5011.7
9253	4772.9
9254	4532.2
9255	4285.1
9256	4031.4
9257	3776.5
9258	3526.4
9259	3287.1
9260	3062.8
9261	2852.7
9262	2653.4
9263	2461.8
9264	2277.3
9265	2098.7
9266	1929.1
9267	1771.2
9268	1626.3
9269	1494.7
9270	1374.4
9271	1262.9
9272	1160.2
9273	1064.0
9274	973.7
9275	889.3
9276	812.5
9277	744.2
9278	683.4
9279	628.5
9280	579.1
9281	533.9
9282	491.7
9283	452.8
9284	417.7
9285	386.4
9286	358.2
9287	333.7
9288	311.6
9289	292.2
9290	273.9
9291	257.0
9292	240.9
9293	226.6
9294	214.3
9295	203.2
9296	193.4
9297	184.2
9298	175.6
9299	167.4
9300	160.5
9301	153.9
9302	147.5
9303	141.9
9304	137.5
9305	133.6
9306	131.4
9307	126.5
9308	122.9
9309	118.3
9310	114.6
9311	112.0
9312	109.8
9313	107.2
9314	104.6
9315	101.3
9316	98.7
9317	96.7
9318	94.7
9319	92.8
9320	90.6
9321	89.0
9322	87.2
9323	85.8
9324	84.8
9325	84.4
9326	82.8
9327	81.2
9328	79.7
9329	77.7
9330	76.5
9331	75.1
9332	73.5
9333	72.7
9334	72.1
9335	71.3
9336	70.2
9337	68.8
9338	67.6
9339	67.5
9340	66.5
9341	65.0
9342	63.4
9343	62.2
9344	60.9
9345	60.2
9346	59.4
9347	58.2
9348	57.0
9349	56.3
9350	55.5
9351	55.1
9352	53.9
9353	52.5
9354	51.6
9355	50.9
9356	50.1
9357	49.1
9358	48.0
9359	47.0
9360	46.2
9361	45.9
9362	45.5
9363	44.7
9364	43.4
9365	42.2
9366	41.5
9367	41.8
9368	43.3
9369	41.2
9370	40.3
9371	39.3
9372	37.8
9373	36.4
9374	35.4
9375	34.8
9376	34.2
9377	34.2
9378	34.5
9379	33.5
9380	32.0
9381	30.9
9382	29.9
9383	29.3
9384	29.8
9385	30.4
9386	29.5
9387	28.0
9388	26.8
9389	25.7
9390	25.9
9391	25.3
9392	24.5
9393	23.6
9394	23.4
9395	23.0
9396	22.4
9397	22.1
9398	21.5
9399	21.2
9400	21.5
9401	22.1
9402	21.5
9403	20.1
9404	19.1
9405	18.8
9406	18.3
9407	17.8
9408	17.5
9409	17.7
9410	17.5
9411	16.5
9412	15.3
9413	14.9
9414	15.2
9415	15.4
9416	15.6
9417	15.1
9418	13.8
9419	13.4
9420	12.9
9421	12.4
9422	12.6
9423	12.2
9424	12.2
9425	12.3
9426	12.3
9427	12.8
9428	12.8
9429	12.1
9430	11.5
9431	10.9
9432	10.4
9433	10.4
9434	9.8
9435	8.8
9436	8.6
9437	9.7
9438	10.4
9439	10.0
9440	8.1
9441	7.0
9442	7.5
9443	7.8
9444	7.5
9445	7.0
9446	6.3
9447	6.7
9448	7.9
9449	6.9
9450	5.9
9451	6.4
9452	6.7
9453	6.0
9454	5.6
9455	5.2
9456	5.4
9457	5.4
9458	4.7
9459	4.8
9460	4.5
9461	4.4
9462	3.9
9463	3.9
9464	3.7
9465	3.5
9466	3.4
9467	4.0
9468	4.7
9469	5.1
9470	4.2
9471	1.9
9472	0.4
9473	0.0
9474	1.2
9475	2.8
9476	2.8
9477	2.1
9478	1.2
9479	0.8
9480	0.5
9481	0.7
9482	1.6
9483	2.4
9484	2.1
9485	1.7
9486	1.1
9487	-0.2
9488	-1.3
9489	-2.0
9490	-1.0
9491	0.7
9492	0.7
9493	-0.0
9494	-0.5
9495	-0.6
9496	-0.9
9497	-1.2
9498	-1.7
9499	-0.8
9500	0.9
9501	1.4
9502	-0.5
9503	-1.3
9504	-0.5
9505	0.1
9506	-0.8
9507	-1.0
9508	-0.7
9509	-0.3
9510	-0.9
9511	-1.0
9512	-1.3
9513	-1.2
9514	-1.5
9515	-1.7
9516	-2.4
9517	-1.8
9518	-1.7
9519	-1.4
9520	-1.6
9521	-2.0
9522	-1.8
9523	-1.1
9524	-1.7
9525	-2.1
9526	-2.2
9527	-2.3
9528	-2.6
9529	-3.1
9530	-3.2
9531	-2.6
9532	-2.6
9533	-3.2
9534	-3.0
9535	-2.5
9536	-1.3
9537	-1.1
9538	-2.5
9539	-2.6
9540	-2.6
9541	-3.1
9542	-3.7
9543	-4.0
9544	-4.3
9545	-4.1
9546	-3.3
9547	-3.1
9548	-3.0
9549	-2.4
9550	-2.3
9551	-2.4
9552	-1.9
9553	-2.0
9554	-3.6
9555	-3.8
9556	-3.7
9557	-3.8
9558	-3.5
9559	-3.6
9560	-3.4
9561	-3.0
9562	-3.3
9563	-4.1
9564	-3.3
9565	-3.5
9566	-4.0
9567	-4.0
9568	-4.0
9569	-3.8
9570	-4.4
9571	-4.4
9572	-3.7
9573	-3.6
9574	-3.0
9575	-3.7
9576	-4.5
9577	-4.7
9578	-4.6
9579	-4.6
9580	-4.9
9581	-4.7
9582	-4.4
9583	-4.3
9584	-3.2
9585	-2.7
9586	-3.4
9587	-4.5
9588	-3.4
9589	-3.1
9590	-3.0
9591	-3.9
9592	-4.8
9593	-4.9
9594	-5.0
9595	-4.8
9596	-5.3
9597	-5.5
9598	-5.0
9599	-5.0
9600	-5.3
9601	-5.8
9602	-6.3
9603	-6.1
9604	-6.4
9605	-5.5
9606	-4.7
9607	-5.0
9608	-5.6
9609	-5.9
9610	-5.9
9611	-5.9
9612	-6.0
9613	-6.5
9614	-6.7
9615	-5.9
9616	-5.9
9617	-6.2
9618	-4.1
9619	-4.5
9620	-6.1
9621	-7.2
9622	-6.0
9623	-4.4
9624	-4.5
9625	-5.3
9626	-6.8
9627	-7.9
9628	-6.8
9629	-5.8
9630	-6.1
9631	-7.3
9632	-14.4
9633	13.2
9634	239.9
9635	624.5
9636	925.8
9637	1086.4
9638	1358.1
9639	1817.9
9640	2127.5
9641	2235.9
9642	2488.2
9643	2952.4
9644	3223.6
9645	3269.6
9646	3475.8
9647	3892.0
9648	4095.0
9649	4077.0
9650	4252.5
9651	4664.6
9652	4863.4
9653	4813.4
9654	4937.6
9655	5312.9
9656	5493.7
9657	5409.0
9658	5480.2
9659	5843.9
9660	6052.9
9661	5956.3
9662	5960.8
9663	6287.2
9664	6522.6
9665	6427.4
9666	6356.9
9667	6628.5
9668	6915.0
9669	6865.8
9670	6734.9
9671	6927.5
9672	7250.2
9673	7262.4
9674	7096.1
9675	7205.1
9676	7535.6
9677	7615.6
9678	7424.3
9679	7408.8
9680	7723.1
9681	7913.4
9682	7762.2
9683	7641.5
9684	7879.5
9685	8143.2
9686	8060.1
9687	7865.2
9688	7997.2
9689	8316.7
9690	8347.8
9691	8128.1
9692	8115.7
9693	8415.7
9694	8567.3
9695	8387.6
9696	8256.4
9697	8489.2
9698	8748.7
9699	8656.1
9700	8434.5
9701	8530.5
9702	8840.7
9703	8880.4
9704	8648.0
9705	8593.8
9706	8877.2
9707	9053.8
9708	8880.2
9709	8696.2
9710	8877.5
9711	9157.9
9712	9106.0
9713	8853.8
9714	8865.3
9715	9168.3
9716	9278.7
9717	9059.0
9718	8903.8
9719	9121.0
9720	9370.3
9721	9269.7
9722	9021.9
9723	9081.5
9724	9385.0
9725	9448.0
9726	9206.8
9727	9087.8
9728	9334.5
9729	9549.3
9730	9403.1
9731	9152.7
9732	9235.4
9733	9534.5
9734	9570.6
9735	9314.7
9736	9198.3
9737	9443.7
9738	9650.2
9739	9506.5
9740	9283.7
9741	9402.5
9742	9703.4
9743	9707.4
9744	9446.5
9745	9372.7
9746	9643.5
9747	9818.6
9748	9638.0
9749	9413.2
9750	9546.2
9751	9832.4
9752	9813.9
9753	9549.3
9754	9497.5
9755	9775.9
9756	9928.5
9757	9727.6
9758	9502.5
9759	9647.5
9760	9934.8
9761	9904.6
9762	9637.7
9763	9593.7
9764	9873.8
9765	10017.7
9766	9812.2
9767	9600.4
9768	9761.0
9769	10039.3
9770	9989.5
9771	9714.2
9772	9676.7
9773	9964.9
9774	10104.8
9775	9895.4
9776	9691.0
9777	9862.5
9778	10139.5
9779	10081.0
9780	9813.7
9781	9811.8
9782	10109.3
9783	10218.9
9784	9991.7
9785	9815.8
9786	10017.0
9787	10267.0
9788	10166.5
9789	9889.0
9790	9900.9
9791	10196.6
9792	10286.2
9793	10047.2
9794	9876.9
9795	10086.8
9796	10340.2
9797	10245.2
9798	9984.7
9799	10028.4
9800	10324.2
9801	10381.1
9802	10131.5
9803	9994.3
9804	10235.6
9805	10465.8
9806	10329.6
9807	10079.2
9808	10169.4
9809	10467.4
9810	10486.4
9811	10221.5
9812	10113.1
9813	10365.1
9814	10558.0
9815	10393.1
9816	10155.1
9817	10271.3
9818	10563.7
9819	10550.0
9820	10266.4
9821	10161.7
9822	10415.6
9823	10600.6
9824	10423.6
9825	10160.8
9826	10241.8
9827	10529.2
9828	10543.3
9829	10271.9
9830	10149.1
9831	10398.3
9832	10608.6
9833	10454.1
9834	10184.8
9835	10245.5
9836	10535.9
9837	10575.6
9838	10324.1
9839	10210.9
9840	10460.6
9841	10662.8
9842	10499.6
9843	10223.6
9844	10275.4
9845	10564.4
9846	10611.5
9847	10344.9
9848	10164.0
9849	10363.6
9850	10605.4
9851	10497.6
9852	10213.2
9853	10211.4
9854	10500.8
9855	10601.4
9856	10364.5
9857	10161.6
9858	10334.3
9859	10593.2
9860	10520.0
9861	10243.1
9862	10224.1
9863	10516.1
9864	10637.7
9865	10409.4
9866	10183.6
9867	10336.0
9868	10612.3
9869	10564.6
9870	10280.1
9871	10216.7
9872	10484.6
9873	10635.0
9874	10431.9
9875	10188.4
9876	10310.2
9877	10597.9
9878	10582.0
9879	10295.9
9880	10183.2
9881	10436.1
9882	10629.9
9883	10458.6
9884	10184.7
9885	10247.7
9886	10542.1
9887	10583.3
9888	10316.7
9889	10155.9
9890	10374.9
9891	10607.5
9892	10480.2
9893	10190.6
9894	10198.3
9895	10491.4
9896	10588.3
9897	10351.7
9898	10156.9
9899	10340.4
9900	10599.8
9901	10522.4
9902	10259.8
9903	10268.3
9904	10567.6
9905	10669.7
9906	10436.4
9907	10254.3
9908	10447.0
9909	10699.5
9910	10611.4
9911	10334.1
9912	10328.7
9913	10623.7
9914	10728.6
9915	10490.1
9916	10275.9
9917	10438.5
9918	10703.7
9919	10638.6
9920	10345.3
9921	10276.0
9922	10544.5
9923	10702.0
9924	10501.4
9925	10241.4
9926	10339.9
9927	10630.3
9928	10634.5
9929	10357.4
9930	10237.0
9931	10486.5
9932	10691.9
9933	10532.4
9934	10263.8
9935	10327.6
9936	10622.3
9937	10665.4
9938	10404.2
9939	10251.4
9940	10476.2
9941	10703.5
9942	10570.1
9943	10284.0
9944	10302.2
9945	10595.1
9946	10677.9
9947	10426.2
9948	10215.0
9949	10383.5
9950	10646.0
9951	10577.2
9952	10284.2
9953	10217.5
9954	10489.2
9955	10650.6
9956	10454.7
9957	10209.4
9958	10326.1
9959	10618.0
9960	10613.6
9961	10342.0
9962	10254.7
9963	10522.0
9964	10701.9
9965	10516.1
9966	10264.8
9967	10371.7
9968	10666.2
9969	10667.3
9970	10383.6
9971	10253.2
9972	10492.7
9973	10703.8
9974	10554.8
9975	10278.4
9976	10323.1
9977	10617.4
9978	10678.2
9979	10421.9
9980	10246.4
9981	10454.9
9982	10703.5
9983	10599.3
9984	10339.4
9985	10382.5
9986	10688.4
9987	10757.6
9988	10504.7
9989	10347.0
9990	10573.8
9991	10815.0
9992	10691.3
9993	10415.3
9994	10453.1
9995	10754.7
9996	10821.0
9997	10567.8
9998	10407.0
9999	10625.0
10000	10861.4
10001	10740.7
10002	10460.0
10003	10482.9
10004	10779.7
10005	10857.8
10006	10609.6
10007	10432.0
10008	10633.2
10009	10879.7
10010	10775.3
10011	10492.0
10012	10495.8
10013	10794.6
10014	10894.1
10015	10657.3
10016	10466.6
10017	10655.5
10018	10908.7
10019	10813.1
10020	10527.1
10021	10515.6
10022	10807.7
10023	10920.0
10024	10688.3
10025	10475.2
10026	10636.8
10027	10902.3
10028	10837.2
10029	10545.7
10030	10484.1
10031	10758.5
10032	10865.5
10033	10519.1
10034	10043.4
10035	9608.8
10036	9229.1
10037	8892.9
10038	8570.2
10039	8239.0
10040	7891.1
10041	7532.8
10042	7180.8
10043	6845.9
10044	6522.5
10045	6204.2
10046	5886.4
10047	5560.1
10048	5225.5
10049	4887.6
10050	4552.6
10051	4229.1
10052	3925.8
10053	3644.4
10054	3382.9
10055	3136.8
10056	2898.9
10057	2667.2
10058	2443.7
10059	2234.0
10060	2042.7
10061	1870.1
10062	1712.2
10063	1565.1
10064	1428.6
10065	1301.5
10066	1183.3
10067	1073.1
10068	972.3
10069	882.5
10070	804.2
10071	734.9
10072	671.9
10073	613.3
10074	559.2
10075	510.3
10076	465.3
10077	424.7
10078	390.5
10079	361.8
10080	336.1
10081	311.0
10082	287.2
10083	266.4
10084	248.8
10085	233.4
10086	219.6
10087	204.0
10088	192.2
10089	183.5
10090	175.1
10091	165.6
10092	156.2
10093	148.6
10094	142.1
10095	136.0
10096	130.4
10097	125.7
10098	121.6
10099	117.5
10100	113.6
10101	109.8
10102	106.2
10103	104.2
10104	102.2
10105	99.6
10106	96.5
10107	93.6
10108	90.1
10109	88.4
10110	87.7
10111	86.3
10112	84.8
10113	82.5
10114	79.8
10115	77.7
10116	76.4
10117	75.3
10118	73.5
10119	72.1
10120	71.3
10121	70.8
10122	70.4
10123	68.7
10124	66.5
10125	65.5
10126	65.3
10127	64.2
10128	62.6
10129	61.3
10130	60.3
10131	60.0
10132	59.7
10133	59.1
10134	58.4
10135	56.3
10136	55.1
10137	54.9
10138	56.7
10139	56.5
10140	53.3
10141	51.7
10142	50.5
10143	50.0
10144	50.5
10145	50.1
10146	48.3
10147	46.7
10148	46.1
10149	45.5
10150	45.1
10151	44.4
10152	44.3
10153	44.6
10154	43.6
10155	41.7
10156	39.9
10157	39.7
10158	39.9
10159	39.6
10160	38.8
10161	38.3
10162	38.0
10163	37.4
10164	36.3
10165	35.1
10166	34.4
10167	33.9
10168	33.2
10169	33.2
10170	32.8
10171	32.1
10172	30.9
10173	29.2
10174	28.9
10175	29.6
10176	29.8
10177	29.4
10178	28.4
10179	26.7
10180	25.9
10181	25.0
10182	24.5
10183	24.3
10184	24.2
10185	24.6
10186	23.7
10187	23.3
10188	22.9
10189	22.4
10190	21.8
10191	21.5
10192	20.9
10193	20.3
10194	19.9
10195	19.6
10196	18.6
10197	18.4
10198	18.5
10199	18.9
10200	18.5
10201	17.3
10202	16.5
10203	16.1
10204	16.4
10205	15.9
10206	14.9
10207	14.3
10208	14.2
10209	14.7
10210	15.0
10211	14.7
10212	14.2
10213	13.1
10214	11.9
10215	12.3
10216	13.2
10217	12.9
10218	11.9
10219	12.0
10220	11.7
10221	10.6
10222	10.8
10223	10.5
10224	10.1
10225	9.6
10226	9.2
10227	8.7
10228	8.4
10229	9.1
10230	8.9
10231	8.5
10232	7.9
10233	7.9
10234	7.3
10235	7.6
10236	7.6
10237	7.4
10238	6.9
10239	6.7
10240	7.1
10241	6.9
10242	6.5
10243	5.3
10244	5.3
10245	7.6
10246	7.0
10247	6.9
10248	5.9
10249	5.0
10250	4.7
10251	4.2
10252	4.2
10253	3.9
10254	3.4
10255	3.1
10256	3.8
10257	4.8
10258	5.1
10259	4.9
10260	3.2
10261	2.1
10262	2.3
10263	2.9
10264	3.2
10265	3.2
10266	3.3
10267	3.7
10268	4.1
10269	4.0
10270	3.0
10271	2.3
10272	1.7
10273	1.0
10274	0.7
10275	0.7
10276	1.1
10277	2.4
10278	3.0
10279	2.2
10280	1.1
10281	-0.0
10282	-0.5
10283	0.4
10284	1.3
10285	1.7
10286	1.8
10287	2.0
10288	0.5
10289	-1.0
10290	-1.9
10291	-1.1
10292	0.8
10293	2.0
10294	1.8
10295	3.0
10296	1.2
10297	-0.0
10298	0.7
10299	0.5
10300	0.6
10301	-0.2
10302	-1.2
10303	-1.9
10304	-1.8
10305	-1.0
10306	-0.6
10307	-0.9
10308	-1.3
10309	-1.3
10310	-0.0
10311	0.7
10312	0.8
10313	0.4
10314	-0.7
10315	-1.4
10316	-1.5
10317	-1.4
10318	-0.7
10319	0.2
10320	0.2
10321	-0.2
10322	-1.1
10323	-2.2
10324	-3.0
10325	-2.1
10326	-1.6
10327	-2.0
10328	-2.6
10329	-1.8
10330	-1.5
10331	-1.7
10332	-2.4
10333	-3.3
10334	-3.5
10335	-3.2
10336	-2.5
10337	-1.7
10338	-1.8
10339	-2.2
10340	-2.6
10341	-3.6
10342	-3.7
10343	-3.7
10344	-3.1
10345	-2.8
10346	-2.2
10347	-0.1
10348	-0.3
10349	-3.2
10350	-4.2
10351	-4.1
10352	-3.7
10353	-4.0
10354	-3.3
10355	-2.6
10356	-2.3
10357	-2.5
10358	-4.0
10359	-5.0
10360	-5.1
10361	-4.6
10362	-3.4
10363	-3.5
10364	-3.3
10365	-3.4
10366	-3.3
10367	-4.2
10368	-4.9
10369	-5.2
10370	-3.7
10371	-1.8
10372	-1.4
10373	-3.1
10374	-5.2
10375	-6.3
10376	-5.2
10377	-3.3
10378	-1.7
10379	-1.5
10380	-3.0
10381	-5.0
10382	-5.4
10383	-5.3
10384	-4.4
10385	-3.4
10386	-3.9
10387	-4.4
10388	-5.5
10389	-6.3
10390	-5.2
10391	-2.6
10392	-1.5
10393	-2.4
10394	-4.1
10395	-4.7
10396	-5.3
10397	-5.7
10398	-5.6
10399	-5.2
10400	-5.2
10401	-4.2
10402	-3.2
10403	-3.5
10404	-5.1
10405	-5.3
10406	-5.2
10407	-5.1
10408	-4.3
10409	-4.2
10410	-4.1
10411	-4.2
10412	-4.1
10413	-4.2
10414	-4.1
10415	-4.5
10416	-4.9
10417	-4.7
10418	-4.0
10419	-3.8
10420	-4.7
10421	-5.6
10422	-5.1
10423	-3.9
10424	-3.2
10425	-3.4
10426	-4.0
10427	-3.4
10428	-3.3
10429	-4.1
10430	-5.0
10431	-5.0
10432	-3.8
10433	-21.6
10434	-27.5
10435	255.3
10436	774.1
10437	1174.4
10438	1322.7
10439	1528.7
10440	1968.1
10441	2304.2
10442	2410.7
10443	2625.9
10444	3082.9
10445	3380.8
10446	3401.2
10447	3531.0
10448	3923.2
10449	4169.5
10450	4143.1
10451	4234.6
10452	4625.0
10453	4898.3
10454	4856.1
10455	4871.9
10456	5203.7
10457	5475.9
10458	5422.0
10459	5384.8
10460	5686.0
10461	5996.5
10462	5965.0
10463	5862.3
10464	6089.0
10465	6419.2
10466	6433.7
10467	6295.7
10468	6456.0
10469	6800.8
10470	6862.4
10471	6691.5
10472	6754.5
10473	7090.1
10474	7226.0
10475	7060.0
10476	7021.3
10477	7323.7
10478	7543.1
10479	7417.5
10480	7300.0
10481	7543.6
10482	7826.1
10483	7758.7
10484	7559.4
10485	7683.4
10486	8006.3
10487	8047.6
10488	7833.7
10489	7841.2
10490	8162.3
10491	8311.9
10492	8125.2
10493	8011.1
10494	8263.9
10495	8506.7
10496	8392.9
10497	8180.7
10498	8308.8
10499	8616.2
10500	8632.5
10501	8403.6
10502	8400.6
10503	8712.5
10504	8854.2
10505	8657.9
10506	8536.7
10507	8784.1
10508	9023.5
10509	8899.5
10510	8665.5
10511	8775.9
10512	9082.7
10513	9100.4
10514	8847.2
10515	8789.3
10516	9073.2
10517	9244.5
10518	9069.4
10519	8898.8
10520	9104.5
10521	9374.2
10522	9284.8
10523	9012.1
10524	9036.2
10525	9338.8
10526	9428.4
10527	9191.0
10528	9030.2
10529	9248.8
10530	9488.3
10531	9368.4
10532	9088.3
10533	9119.5
10534	9423.7
10535	9504.6
10536	9255.1
10537	9080.6
10538	9296.1
10539	9548.2
10540	9443.5
10541	9185.1
10542	9242.3
10543	9551.0
10544	9608.5
10545	9346.0
10546	9195.0
10547	9428.5
10548	9664.1
10549	9539.1
10550	9282.3
10551	9355.6
10552	9662.4
10553	9706.2
10554	9442.3
10555	9315.3
10556	9561.9
10557	9775.7
10558	9624.7
10559	9358.5
10560	9429.2
10561	9729.1
10562	9768.9
10563	9499.9
10564	9350.7
10565	9580.8
10566	9808.1
10567	9675.4
10568	9405.4
10569	9450.7
10570	9745.6
10571	9810.5
10572	9555.2
10573	9382.2
10574	9589.1
10575	9837.4
10576	9736.8
10577	9454.9
10578	9454.4
10579	9743.7
10580	9850.6
10581	9617.7
10582	9411.7
10583	9583.5
10584	9852.6
10585	9789.3
10586	9500.8
10587	9456.2
10588	9738.2
10589	9884.2
10590	9674.1
10591	9441.8
10592	9585.7
10593	9873.0
10594	9842.8
10595	9561.3
10596	9491.2
10597	9766.3
10598	9932.6
10599	9738.3
10600	9489.5
10601	9599.8
10602	9889.6
10603	9892.3
10604	9613.1
10605	9490.6
10606	9742.3
10607	9957.3
10608	9809.7
10609	9556.8
10610	9648.0
10611	9946.2
10612	9978.2
10613	9722.8
10614	9618.6
10615	9875.1
10616	10075.2
10617	9914.0
10618	9656.9
10619	9743.3
10620	10039.4
10621	10062.4
10622	9787.4
10623	9649.3
10624	9885.7
10625	10107.0
10626	9969.6
10627	9692.3
10628	9734.5
10629	10029.3
10630	10091.7
10631	9830.5
10632	9641.0
10633	9836.5
10634	10092.3
10635	10003.1
10636	9713.1
10637	9685.3
10638	9971.4
10639	10100.7
10640	9879.3
10641	9647.0
10642	9788.0
10643	10068.1
10644	10034.4
10645	9739.8
10646	9634.2
10647	9889.3
10648	10083.2
10649	9916.9
10650	9642.8
10651	9703.6
10652	9995.9
10653	10041.7
10654	9777.0
10655	9599.2
10656	9801.5
10657	10050.2
10658	9952.1
10659	9663.1
10660	9642.8
10661	9931.0
10662	10056.1
10663	9834.0
10664	9616.4
10665	9776.6
10666	10056.1
10667	10013.9
10668	9723.5
10669	9642.1
10670	9909.8
10671	10086.2
10672	9903.6
10673	9640.4
10674	9723.4
10675	10018.4
10676	10046.2
10677	9769.1
10678	9605.5
10679	9819.9
10680	10056.6
10681	9944.2
10682	9648.0
10683	9624.8
10684	9909.4
10685	10040.5
10686	9827.7
10687	9605.5
10688	9751.6
10689	10027.5
10690	9992.0
10691	9703.3
10692	9601.2
10693	9857.4
10694	10051.4
10695	9883.9
10696	9613.2
10697	9682.4
10698	9985.8
10699	10034.8
10700	9783.9
10701	9660.5
10702	9914.2
10703	10143.0
10704	10002.5
10705	9743.4
10706	9826.8
10707	10140.4
10708	10179.5
10709	9906.8
10710	9760.2
10711	9990.5
10712	10215.5
10713	10078.3
10714	9787.9
10715	9805.7
10716	10100.6
10717	10188.5
10718	9952.5
10719	9785.5
10720	10003.9
10721	10259.3
10722	10151.7
10723	9857.0
10724	9848.3
10725	10146.1
10726	10263.3
10727	10036.4
10728	9830.8
10729	10004.7
10730	10277.1
10731	10210.0
10732	9926.8
10733	9895.8
10734	10182.7
10735	10319.9
10736	10110.4
10737	9894.9
10738	10050.4
10739	10333.2
10740	10291.4
10741	10005.8
10742	9944.7
10743	10226.9
10744	10392.3
10745	10196.9
10746	9958.7
10747	10089.7
10748	10378.3
10749	10356.4
10750	10078.9
10751	10002.1
10752	10272.2
10753	10443.9
10754	10251.5
10755	9983.7
10756	10072.0
10757	10368.2
10758	10389.5
10759	10112.1
10760	9964.6
10761	10193.1
10762	10416.7
10763	10279.6
10764	9989.8
10765	10009.1
10766	10304.2
10767	10390.5
10768	10146.7
10769	9952.4
10770	10134.7
10771	10393.0
10772	10310.4
10773	10013.7
10774	9964.6
10775	10247.5
10776	10398.0
10777	10192.6
10778	9955.3
10779	10086.4
10780	10373.0
10781	10348.2
10782	10055.2
10783	9941.9
10784	10192.5
10785	10392.6
10786	10231.7
10787	9965.4
10788	10041.9
10789	10345.1
10790	10379.7
10791	10101.0
10792	9926.1
10793	10135.6
10794	10381.2
10795	10271.5
10796	9969.9
10797	9938.2
10798	10222.7
10799	10350.4
10800	10126.2
10801	9885.4
10802	10014.7
10803	10297.4
10804	10277.7
10805	9986.0
10806	9857.2
10807	10096.3
10808	10308.5
10809	10160.5
10810	9871.6
10811	9895.5
10812	10190.3
10813	10279.0
10814	10036.2
10815	9837.4
10816	10013.0
10817	10274.9
10818	10204.9
10819	9914.9
10820	9866.5
10821	10152.8
10822	10307.2
10823	10105.8
10824	9877.1
10825	10012.1
10826	10296.3
10827	10273.0
10828	9984.5
10829	9872.9
10830	10121.4
10831	10318.6
10832	10122.5
10833	9657.5
10834	9206.6
10835	8828.9
10836	8501.5
10837	8199.5
10838	7897.1
10839	7577.3
10840	7240.5
10841	6899.6
10842	6572.8
10843	6273.5
10844	5997.1
10845	5727.8
10846	5452.4
10847	5163.2
10848	4859.5
10849	4548.2
10850	4242.4
10851	3952.6
10852	3683.4
10853	3433.6
10854	3196.9
10855	2967.5
10856	2742.6
10857	2523.2
10858	2314.3
10859	2120.4
10860	1942.6
10861	1782.0
10862	1635.9
10863	1499.7
10864	1371.9
10865	1251.7
10866	1138.3
10867	1033.6
10868	940.0
10869	856.7
10870	783.2
10871	717.1
10872	657.9
10873	603.5
10874	551.3
10875	503.1
10876	459.1
10877	420.4
10878	388.1
10879	359.5
10880	333.6
10881	310.4
10882	288.2
10883	268.0
10884	249.9
10885	233.2
10886	219.0
10887	207.0
10888	196.6
10889	186.6
10890	176.2
10891	166.9
10892	158.8
10893	152.1
10894	145.9
10895	139.8
10896	133.6
10897	128.6
10898	124.1
10899	119.7
10900	115.3
10901	111.2
10902	107.6
10903	104.9
10904	102.7
10905	100.0
10906	96.9
10907	94.3
10908	92.3
10909	90.1
10910	88.0
10911	86.1
10912	84.3
10913	82.5
10914	81.2
10915	79.7
10916	78.0
10917	76.3
10918	75.5
10919	75.3
10920	73.7
10921	71.7
10922	70.3
10923	68.9
10924	67.6
10925	66.8
10926	65.8
10927	64.8
10928	63.6
10929	62.5
10930	61.8
10931	60.6
10932	59.8
10933	58.7
10934	57.7
10935	57.3
10936	56.9
10937	55.8
10938	54.9
10939	53.7
10940	52.8
10941	52.5
10942	51.7
10943	51.0
10944	49.8
10945	49.7
10946	50.1
10947	49.5
10948	47.8
10949	46.4
10950	46.6
10951	45.9
10952	44.4
10953	43.3
10954	42.7
10955	42.0
10956	41.4
10957	40.9
10958	40.0
10959	39.1
10960	38.3
10961	37.8
10962	37.8
10963	36.9
10964	35.5
10965	35.1
10966	34.7
10967	34.5
10968	33.9
10969	32.5
10970	32.2
10971	32.0
10972	31.3
10973	30.6
10974	30.3
10975	29.9
10976	28.9
10977	28.6
10978	29.9
10979	31.2
10980	28.6
10981	28.0
10982	27.4
10983	26.0
10984	25.0
10985	24.5
10986	24.1
10987	23.2
10988	23.3
10989	23.3
10990	22.5
10991	21.6
10992	21.6
10993	20.8
10994	20.3
10995	20.3
10996	19.8
10997	19.9
10998	20.2
10999	20.2
11000	19.5
11001	18.3
11002	17.7
11003	17.6
11004	17.0
11005	16.4
11006	16.1
11007	15.7
11008	15.5
11009	15.5
11010	14.8
11011	14.3
11012	14.3
11013	13.7
11014	14.0
11015	13.8
11016	13.7
11017	13.2
11018	12.4
11019	12.6
11020	13.8
11021	13.4
11022	11.8
11023	10.8
11024	10.4
11025	10.4
11026	10.4
11027	10.3
11028	9.2
11029	8.5
11030	8.8
11031	9.0
11032	9.4
11033	8.8
11034	8.2
11035	8.1
11036	8.5
11037	8.3
11038	8.2
11039	7.4
11040	6.8
11041	6.4
11042	6.7
11043	6.8
11044	7.1
11045	8.3
11046	7.9
11047	4.5
11048	3.0
11049	4.1
11050	6.3
11051	10.9
11052	10.9
11053	5.7
11054	2.7
11055	4.6
11056	8.0
11057	7.5
11058	3.3
11059	0.2
11060	0.9
11061	4.5
11062	6.5
11063	4.9
11064	3.6
11065	3.8
11066	4.9
11067	5.3
11068	3.7
11069	1.8
11070	2.0
11071	2.8
11072	2.9
11073	2.7
11074	2.6
11075	1.9
11076	0.8
11077	0.8
11078	1.8
11079	2.6
11080	2.3
11081	1.3
11082	0.4
11083	1.2
11084	2.0
11085	1.5
11086	0.7
11087	1.1
11088	2.6
11089	3.4
11090	2.4
11091	0.0
11092	-0.6
11093	0.4
11094	1.0
11095	0.5
11096	-0.4
11097	-0.4
11098	0.5
11099	0.4
11100	-0.3
11101	-0.4
11102	-0.2
11103	0.8
11104	0.9
11105	-0.1
11106	-0.7
11107	-1.0
11108	-1.2
11109	-0.7
11110	-0.7
11111	-1.3
11112	-1.2
11113	-0.7
11114	-0.7
11115	-1.7
11116	-2.1
11117	-1.7
11118	-0.3
11119	0.2
11120	-0.1
11121	-1.7
11122	-2.0
11123	-1.2
11124	-1.3
11125	-1.9
11126	-2.5
11127	-2.2
11128	-1.5
11129	-1.7
11130	-2.0
11131	-2.2
11132	-1.5
11133	-1.8
11134	-2.1
11135	-2.2
11136	-2.8
11137	-2.2
11138	-2.5
11139	-2.9
11140	-2.7
11141	-3.0
11142	-2.8
11143	-3.2
11144	-3.5
11145	-2.9
11146	-2.7
11147	-1.6
11148	-0.0
11149	-1.2
11150	-1.2
11151	-1.3
11152	-1.9
11153	-2.2
11154	-1.9
11155	-1.3
11156	-1.7
11157	-2.8
11158	-2.9
11159	-2.7
11160	-2.6
11161	-3.4
11162	-3.6
11163	-3.4
11164	-3.2
11165	-3.1
11166	-3.2
11167	-3.5
11168	-3.2
11169	-3.1
11170	-3.0
11171	-3.2
11172	-3.7
11173	-3.7
11174	-3.3
11175	-3.5
11176	-3.5
11177	-3.5
11178	-3.1
11179	-2.1
11180	-1.4
11181	-1.2
11182	-1.9
11183	-2.3
11184	-2.5
11185	-3.2
11186	-3.8
11187	-4.3
11188	-4.4
11189	-4.2
11190	-3.9
11191	-3.9
11192	-4.2
11193	-4.7
11194	-4.6
11195	-3.2
11196	-1.9
11197	-2.0
11198	-2.8
11199	-3.0
11200	-2.6
11201	-2.4
11202	-2.4
11203	-3.0
11204	-3.4
11205	-3.1
11206	-2.4
11207	-2.3
11208	-2.7
11209	-2.8
11210	-2.9
11211	-2.6
11212	-2.1
11213	-2.3
11214	-2.8
11215	-2.6
11216	-2.7
11217	-2.9
11218	-3.2
11219	-4.4
11220	-4.9
11221	-4.8
11222	-4.9
11223	-4.7
11224	-4.5
11225	-4.6
11226	-3.9
11227	-2.8
11228	-2.8
11229	-2.6
11230	-3.2
11231	-4.3
11232	-13.2
11233	-27.2
11234	170.8
11235	600.6
11236	1007.4
11237	1209.0
11238	1391.4
11239	1790.7
11240	2180.6
11241	2328.4
11242	2474.3
11243	2879.3
11244	3272.5
11245	3368.6
11246	3430.6
11247	3761.7
11248	4103.6
11249	4152.6
11250	4164.9
11251	4478.0
11252	4843.0
11253	4896.5
11254	4867.8
11255	5132.6
11256	5477.5
11257	5512.8
11258	5426.5
11259	5635.5
11260	5997.5
11261	6071.1
11262	5954.2
11263	6088.8
11264	6439.5
11265	6544.1
11266	6403.1
11267	6463.9
11268	6807.2
11269	6973.7
11270	6833.6
11271	6789.9
11272	7078.0
11273	7311.9
11274	7210.1
11275	7073.0
11276	7276.6
11277	7574.7
11278	7556.6
11279	7364.8
11280	7450.1
11281	7775.4
11282	7865.3
11283	7666.5
11284	7608.5
11285	7894.0
11286	8105.4
11287	7969.8
11288	7797.2
11289	7972.4
11290	8263.2
11291	8240.6
11292	8011.3
11293	8031.1
11294	8339.8
11295	8468.9
11296	8277.5
11297	8157.4
11298	8395.8
11299	8636.9
11300	8528.0
11301	8295.2
11302	8383.4
11303	8695.1
11304	8750.4
11305	8526.4
11306	8465.4
11307	8744.8
11308	8932.4
11309	8768.6
11310	8568.1
11311	8727.6
11312	9019.6
11313	8998.2
11314	8752.5
11315	8745.5
11316	9042.8
11317	9175.3
11318	8971.9
11319	8811.1
11320	9035.9
11321	9301.8
11322	9213.9
11323	8992.2
11324	9086.2
11325	9393.2
11326	9424.7
11327	9175.1
11328	9100.9
11329	9378.9
11330	9563.2
11331	9389.7
11332	9170.7
11333	9315.1
11334	9601.5
11335	9571.4
11336	9318.5
11337	9303.5
11338	9594.5
11339	9724.7
11340	9521.2
11341	9354.5
11342	9555.8
11343	9814.5
11344	9727.4
11345	9462.1
11346	9490.5
11347	9789.7
11348	9874.0
11349	9636.7
11350	9488.8
11351	9715.7
11352	9954.1
11353	9846.0
11354	9601.1
11355	9667.1
11356	9952.1
11357	9989.0
11358	9729.1
11359	9586.1
11360	9815.0
11361	10037.9
11362	9904.0
11363	9631.0
11364	9672.8
11365	9962.0
11366	10022.5
11367	9780.1
11368	9649.2
11369	9884.3
11370	10106.1
11371	9970.5
11372	9698.3
11373	9742.5
11374	10036.5
11375	10099.2
11376	9844.3
11377	9673.5
11378	9880.6
11379	10121.3
11380	10010.1
11381	9722.9
11382	9725.2
11383	10016.0
11384	10116.5
11385	9882.7
11386	9689.2
11387	9875.1
11388	10135.3
11389	10054.8
11390	9772.8
11391	9760.1
11392	10054.9
11393	10175.1
11394	9953.1
11395	9767.1
11396	9964.5
11397	10230.5
11398	10144.5
11399	9860.0
11400	9852.5
11401	10146.3
11402	10254.4
11403	10018.4
11404	9805.2
11405	9969.1
11406	10236.8
11407	10177.6
11408	9907.1
11409	9903.4
11410	10210.0
11411	10324.9
11412	10093.8
11413	9916.4
11414	10126.1
11415	10386.6
11416	10288.1
11417	10007.9
11418	10023.6
11419	10320.3
11420	10402.1
11421	10149.9
11422	9955.2
11423	10145.3
11424	10401.1
11425	10309.2
11426	10011.2
11427	9970.8
11428	10253.7
11429	10386.5
11430	10165.6
11431	9935.5
11432	10083.6
11433	10364.1
11434	10322.8
11435	10030.4
11436	9944.2
11437	10208.5
11438	10384.7
11439	10198.2
11440	9940.8
11441	10046.2
11442	10345.0
11443	10350.3
11444	10078.0
11445	9976.7
11446	10238.4
11447	10429.7
11448	10255.2
11449	9991.8
11450	10080.2
11451	10378.6
11452	10399.5
11453	10128.1
11454	10003.4
11455	10249.3
11456	10457.7
11457	10302.0
11458	10020.7
11459	10069.9
11460	10374.4
11461	10432.1
11462	10166.0
11463	9996.6
11464	10212.4
11465	10450.5
11466	10328.0
11467	10038.1
11468	10047.3
11469	10342.9
11470	10438.9
11471	10193.4
11472	9978.9
11473	10150.1
11474	10422.1
11475	10354.7
11476	10058.9
11477	10000.1
11478	10275.0
11479	10428.3
11480	10223.6
11481	9969.5
11482	10079.1
11483	10369.9
11484	10370.3
11485	10092.4
11486	9983.8
11487	10240.0
11488	10437.5
11489	10269.3
11490	9992.6
11491	10054.1
11492	10351.1
11493	10399.8
11494	10130.2
11495	9948.2
11496	10151.1
11497	10401.6
11498	10298.0
11499	10004.7
11500	9989.1
11501	10277.4
11502	10395.0
11503	10164.1
11504	9934.3
11505	10085.5
11506	10368.9
11507	10329.9
11508	10037.8
11509	9952.6
11510	10217.4
11511	10392.6
11512	10214.3
11513	9982.3
11514	10107.3
11515	10403.7
11516	10394.9
11517	10125.8
11518	10060.6
11519	10352.4
11520	10535.7
11521	10348.7
11522	10115.4
11523	10247.3
11524	10530.1
11525	10501.0
11526	10215.9
11527	10143.1
11528	10432.0
11529	10613.4
11530	10428.0
11531	10201.9
11532	10336.9
11533	10612.5
11534	10576.2
11535	10290.3
11536	10212.4
11537	10482.6
11538	10654.3
11539	10460.2
11540	10201.4
11541	10306.2
11542	10599.8
11543	10607.2
11544	10331.2
11545	10208.9
11546	10452.0
11547	10655.2
11548	10493.5
11549	10215.3
11550	10271.3
11551	10567.2
11552	10618.7
11553	10357.1
11554	10196.6
11555	10413.3
11556	10646.4
11557	10524.2
11558	10232.5
11559	10234.6
11560	10526.5
11561	10625.7
11562	10382.7
11563	10166.2
11564	10334.9
11565	10605.2
11566	10538.3
11567	10241.1
11568	10175.8
11569	10450.8
11570	10609.7
11571	10407.6
11572	10155.4
11573	10269.0
11574	10562.1
11575	10559.5
11576	10281.2
11577	10173.9
11578	10422.0
11579	10613.6
11580	10444.7
11581	10165.1
11582	10216.7
11583	10514.9
11584	10577.7
11585	10324.8
11586	10164.9
11587	10378.0
11588	10612.5
11589	10496.0
11590	10213.5
11591	10226.7
11592	10524.1
11593	10620.5
11594	10375.9
11595	10166.5
11596	10339.5
11597	10606.0
11598	10541.5
11599	10257.7
11600	10216.2
11601	10494.4
11602	10636.5
11603	10422.6
11604	10189.9
11605	10335.0
11606	10619.5
11607	10586.0
11608	10296.2
11609	10204.1
11610	10461.9
11611	10639.9
11612	10460.6
11613	10202.3
11614	10296.7
11615	10593.6
11616	10608.6
11617	10327.5
11618	10183.5
11619	10418.0
11620	10639.1
11621	10498.3
11622	10223.6
11623	10267.0
11624	10566.2
11625	10632.4
11626	10373.9
11627	10192.0
11628	10392.1
11629	10642.7
11630	10541.6
11631	10242.6
11632	10135.9
11633	10022.7
11634	9701.7
11635	9350.9
11636	9023.2
11637	8710.5
11638	8402.0
11639	8093.6
11640	7783.8
11641	7476.5
11642	7178.6
11643	6894.3
11644	6624.6
11645	6365.9
11646	6113.2
11647	5862.5
11648	5613.1
11649	5365.8
11650	5121.6
11651	4879.7
11652	4639.9
11653	4401.2
11654	4163.1
11655	3924.9
11656	3687.2
11657	3452.0
11658	3222.0
11659	3000.0
11660	2786.2
11661	2582.6
11662	2391.0
11663	2210.7
11664	2039.0
11665	1875.8
11666	1722.3
11667	1579.3
11668	1446.7
11669	1324.6
11670	1212.6
11671	1109.9
11672	1015.1
11673	928.1
11674	848.8
11675	775.7
11676	708.7
11677	648.7
11678	594.8
11679	546.0
11680	501.0
11681	460.9
11682	424.8
11683	392.3
11684	362.0
11685	335.4
11686	311.5
11687	289.9
11688	271.0
11689	253.2
11690	236.9
11691	222.6
11692	209.2
11693	197.6
11694	187.6
11695	178.7
11696	169.6
11697	160.5
11698	153.1
11699	146.3
11700	140.3
11701	134.8
11702	129.7
11703	124.7
11704	120.1
11705	116.4
11706	113.0
11707	109.1
11708	105.7
11709	102.6
11710	100.5
11711	97.5
11712	94.8
11713	92.3
11714	90.3
11715	88.0
11716	86.5
11717	84.7
11718	82.9
11719	80.4
11720	78.5
11721	77.1
11722	75.9
11723	77.5
11724	76.6
11725	73.7
11726	72.3
11727	71.3
11728	69.9
11729	69.3
11730	68.0
11731	66.1
11732	64.1
11733	62.2
11734	61.1
11735	60.4
11736	60.4
11737	59.6
11738	58.4
11739	56.8
11740	55.7
11741	55.7
11742	54.8
11743	52.6
11744	51.2
11745	51.0
11746	51.2
11747	51.9
11748	50.8
11749	49.0
11750	48.1
11751	47.3
11752	45.8
11753	45.1
11754	44.5
11755	44.8
11756	44.5
11757	43.4
11758	43.1
11759	44.1
11760	41.1
11761	39.7
11762	40.2
11763	40.8
11764	41.1
11765	39.1
11766	36.2
11767	34.7
11768	34.3
11769	34.9
11770	34.7
11771	33.3
11772	32.3
11773	31.1
11774	30.6
11775	30.1
11776	29.6
11777	29.6
11778	29.9
11779	28.7
11780	26.7
11781	26.3
11782	27.0
11783	27.2
11784	26.8
11785	25.5
11786	24.5
11787	23.1
11788	22.8
11789	23.4
11790	22.8
11791	21.0
11792	20.5
11793	21.3
11794	21.7
11795	21.3
11796	19.9
11797	18.9
11798	18.2
11799	18.0
11800	18.3
11801	18.2
11802	17.1
11803	16.3
11804	15.3
11805	15.4
11806	16.0
11807	15.6
11808	15.1
11809	14.3
11810	13.8
11811	13.7
11812	13.4
11813	13.2
11814	12.3
11815	12.0
11816	12.3
11817	12.1
11818	11.0
11819	10.7
11820	11.1
11821	11.8
11822	13.7
11823	11.7
11824	9.9
11825	9.3
11826	8.8
11827	8.4
11828	8.6
11829	8.5
11830	8.2
11831	8.5
11832	9.5
11833	9.2
11834	8.5
11835	8.3
11836	8.4
11837	8.3
11838	7.9
11839	7.6
11840	6.8
11841	5.9
11842	5.9
11843	5.3
11844	4.6
11845	4.0
11846	4.2
11847	4.3
11848	4.0
11849	4.0
11850	3.9
11851	3.5
11852	3.8
11853	3.7
11854	3.0
11855	2.4
11856	2.0
11857	