12.4
712	11.0
713	10.9
714	11.3
715	10.2
716	10.0
717	8.9
718	8.0
719	8.3
720	9.4
721	11.1
722	12.3
723	10.8
724	9.3
725	9.2
726	8.5
727	8.0
728	7.7
729	8.0
730	8.7
731	8.7
732	8.1
733	7.7
734	6.5
735	5.9
736	7.6
737	10.2
738	10.7
739	8.3
740	6.1
741	4.5
742	5.0
743	8.2
744	11.1
745	10.8
746	7.1
747	3.6
748	3.3
749	5.8
750	7.2
751	7.3
752	6.9
753	7.3
754	7.1
755	5.3
756	3.4
757	3.0
758	4.1
759	5.9
760	6.6
761	5.6
762	4.7
763	4.5
764	4.8
765	6.1
766	6.7
767	5.0
768	4.2
769	4.8
770	5.4
771	5.9
772	5.8
773	4.3
774	3.5
775	3.6
776	5.9
777	7.6
778	6.9
779	5.2
780	4.5
781	5.2
782	6.1
783	5.5
784	3.8
785	2.7
786	4.1
787	6.5
788	6.0
789	2.7
790	0.5
791	1.5
792	5.0
793	9.0
794	8.1
795	5.0
796	2.9
797	2.8
798	3.1
799	3.5
800	4.1
801	5.7
802	5.5
803	3.7
804	2.3
805	2.8
806	4.3
807	5.5
808	6.5
809	6.4
810	4.6
811	1.7
812	0.6
813	1.6
814	3.1
815	4.6
816	5.6
817	5.5
818	5.1
819	3.6
820	1.5
821	1.3
822	2.1
823	3.0
824	3.8
825	4.3
826	5.3
827	6.2
828	4.9
829	2.2
830	1.9
831	3.2
832	31.3
833	143.9
834	298.0
835	513.5
836	968.2
837	1548.0
838	1843.8
839	2056.0
840	2530.8
841	2936.6
842	3089.5
843	3413.0
844	3921.6
845	4133.7
846	4219.8
847	4604.3
848	4979.4
849	5027.0
850	5164.5
851	5600.4
852	5833.7
853	5811.6
854	6032.0
855	6437.7
856	6523.8
857	6473.6
858	6760.7
859	7109.7
860	7109.1
861	7119.8
862	7491.1
863	7759.4
864	7692.3
865	7775.9
866	8150.4
867	8287.3
868	8176.3
869	8335.2
870	8693.8
871	8724.4
872	8582.0
873	8781.9
874	9122.5
875	9109.4
876	8984.6
877	9216.6
878	9511.6
879	9438.9
880	9291.0
881	9513.5
882	9798.0
883	9715.7
884	9555.6
885	9771.1
886	10058.8
887	9978.9
888	9809.5
889	10007.4
890	10295.0
891	10222.2
892	10043.8
893	10226.7
894	10525.2
895	10464.0
896	10268.2
897	10427.6
898	10731.0
899	10692.1
900	10531.1
901	10724.5
902	11029.7
903	10966.7
904	10768.1
905	10929.2
906	11222.7
907	11162.4
908	10956.7
909	11098.0
910	11401.7
911	11357.4
912	11128.6
913	11226.7
914	11535.2
915	11530.4
916	11324.8
917	11427.2
918	11749.5
919	11753.9
920	11529.9
921	11596.7
922	11904.1
923	11915.9
924	11680.0
925	11704.3
926	12013.2
927	12066.2
928	11823.6
929	11782.4
930	12077.7
931	12184.9
932	11959.3
933	11856.5
934	12129.5
935	12300.0
936	12110.4
937	11965.9
938	12205.0
939	12413.7
940	12253.7
941	12063.3
942	12252.6
943	12500.8
944	12379.1
945	12133.4
946	12239.9
947	12527.2
948	12488.8
949	12230.6
950	12255.6
951	12555.8
952	12595.3
953	12336.4
954	12264.2
955	12550.8
956	12683.6
957	12464.5
958	12320.5
959	12559.2
960	12754.0
961	12577.0
962	12361.3
963	12529.9
964	12792.5
965	12693.0
966	12444.7
967	12528.1
968	12817.4
969	12800.8
970	12536.1
971	12509.5
972	12797.0
973	12879.9
974	12639.3
975	12525.6
976	12783.5
977	12950.5
978	12750.8
979	12545.3
980	12724.7
981	12973.5
982	12862.4
983	12607.9
984	12685.2
985	12973.2
986	12957.1
987	12685.2
988	12642.6
989	12928.4
990	13026.0
991	12788.8
992	12645.4
993	12881.2
994	13069.3
995	12891.4
996	12673.0
997	12829.1
998	13089.8
999	13000.4
1000	12737.9
1001	12780.6
1002	13071.1
1003	13093.5
1004	12831.7
1005	12755.3
1006	13027.9
1007	13157.7
1008	12939.0
1009	12765.0
1010	12973.9
1011	13194.1
1012	13047.2
1013	12806.5
1014	12921.1
1015	13200.0
1016	13152.2
1017	12898.9
1018	12929.0
1019	13236.5
1020	13280.3
1021	13019.8
1022	12930.0
1023	13197.2
1024	13338.3
1025	13127.1
1026	12948.2
1027	13150.1
1028	13376.3
1029	13230.9
1030	12975.3
1031	13067.6
1032	13348.3
1033	13314.1
1034	13035.6
1035	12988.5
1036	13267.3
1037	13367.3
1038	13126.6
1039	12961.4
1040	13182.3
1041	13391.4
1042	13230.5
1043	12984.6
1044	13096.1
1045	13373.1
1046	13323.7
1047	13049.7
1048	13032.4
1049	13316.2
1050	13389.3
1051	13136.3
1052	12987.5
1053	13222.2
1054	13417.8
1055	13253.1
1056	13066.9
1057	13264.5
1058	13529.6
1059	13420.8
1060	13179.9
1061	13280.6
1062	13565.9
1063	13534.2
1064	13274.5
1065	13276.9
1066	13572.4
1067	13632.3
1068	13381.2
1069	13279.5
1070	13546.2
1071	13703.7
1072	13500.1
1073	13310.4
1074	13501.9
1075	13733.8
1076	13602.7
1077	13359.0
1078	13471.0
1079	13764.1
1080	13727.0
1081	13464.3
1082	13467.4
1083	13754.5
1084	13803.2
1085	13546.0
1086	13435.2
1087	13695.6
1088	13864.3
1089	13669.7
1090	13473.9
1091	13656.3
1092	13894.1
1093	13776.2
1094	13543.0
1095	13661.3
1096	13956.8
1097	13922.1
1098	13679.3
1099	13732.4
1100	14031.4
1101	14047.2
1102	13794.0
1103	13760.6
1104	14053.0
1105	14146.5
1106	13910.2
1107	13790.9
1108	14047.6
1109	14225.6
1110	14043.7
1111	13873.8
1112	14083.9
1113	14307.6
1114	14165.3
1115	13933.1
1116	14061.0
1117	14335.6
1118	14269.7
1119	14000.3
1120	14017.5
1121	14306.2
1122	14340.6
1123	14080.1
1124	13986.2
1125	14247.1
1126	14384.9
1127	14168.9
1128	13975.3
1129	14165.8
1130	14393.9
1131	14256.2
1132	13996.0
1133	14069.1
1134	14346.4
1135	14325.8
1136	14049.2
1137	13988.6
1138	14264.9
1139	14373.6
1140	14147.6
1141	13997.5
1142	14224.3
1143	14420.3
1144	14244.2
1145	14001.4
1146	14126.0
1147	14395.7
1148	14329.8
1149	14055.1
1150	14051.3
1151	14331.7
1152	14379.4
1153	14116.5
1154	13979.0
1155	14210.5
1156	14388.6
1157	14216.1
1158	14022.2
1159	14195.0
1160	14443.2
1161	14335.3
1162	14077.7
1163	14139.4
1164	14425.1
1165	14420.8
1166	14153.6
1167	14090.0
1168	14355.0
1169	14464.3
1170	14233.5
1171	14053.0
1172	14253.3
1173	14474.4
1174	14332.6
1175	14088.5
1176	14189.4
1177	14469.2
1178	14429.8
1179	14154.4
1180	14122.1
1181	14403.8
1182	14485.3
1183	14240.8
1184	14096.5
1185	14323.2
1186	14509.2
1187	14332.3
1188	14099.0
1189	14227.4
1190	14486.9
1191	14413.9
1192	14153.4
1193	14172.4
1194	14460.2
1195	14497.2
1196	14236.1
1197	14125.1
1198	14372.1
1199	14525.8
1200	14321.0
1201	14092.0
1202	14232.1
1203	14483.3
1204	14390.3
1205	14107.7
1206	14107.0
1207	14390.6
1208	14440.4
1209	14176.0
1210	14031.4
1211	14257.5
1212	14439.8
1213	14262.0
1214	14024.8
1215	14155.6
1216	14429.2
1217	14361.8
1218	14089.0
1219	14084.5
1220	14365.8
1221	14416.7
1222	14153.5
1223	14013.9
1224	14245.9
1225	14426.0
1226	14241.5
1227	13999.1
1228	14115.0
1229	14381.7
1230	14325.1
1231	14051.1
1232	13945.3
1233	13801.6
1234	13419.3
1235	13007.5
1236	12625.4
1237	12263.8
1238	11910.2
1239	11552.7
1240	11188.3
1241	10823.8
1242	10465.2
1243	10124.2
1244	9799.5
1245	9487.0
1246	9181.1
1247	8877.2
1248	8575.8
1249	8275.6
1250	7977.1
1251	7683.1
1252	7399.8
1253	7129.9
1254	6871.0
1255	6617.4
1256	6366.3
1257	6116.6
1258	5869.4
1259	5626.4
1260	5388.8
1261	5154.8
1262	4921.0
1263	4686.3
1264	4450.9
1265	4213.1
1266	3973.2
1267	3734.5
1268	3502.4
1269	3278.4
1270	3063.0
1271	2855.2
1272	2655.1
1273	2467.0
1274	2289.2
1275	2118.8
1276	1958.2
1277	1805.2
1278	1660.6
1279	1527.6
1280	1408.5
1281	1300.2
1282	1198.3
1283	1103.9
1284	1015.6
1285	933.4
1286	857.7
1287	788.6
1288	723.9
1289	665.9
1290	614.9
1291	569.9
1292	528.6
1293	491.7
1294	460.6
1295	430.7
1296	400.8
1297	371.7
1298	344.9
1299	323.5
1300	307.9
1301	293.8
1302	278.8
1303	264.4
1304	251.0
1305	238.7
1306	227.2
1307	216.3
1308	206.9
1309	199.4
1310	193.9
1311	188.1
1312	181.5
1313	174.6
1314	168.2
1315	163.0
1316	158.8
1317	155.1
1318	151.7
1319	148.1
1320	144.8
1321	141.5
1322	138.8
1323	136.8
1324	134.2
1325	130.3
1326	127.4
1327	125.1
1328	123.6
1329	121.5
1330	119.6
1331	117.9
1332	116.0
1333	113.3
1334	112.0
1335	111.5
1336	109.4
1337	106.2
1338	103.3
1339	101.6
1340	101.1
1341	101.8
1342	102.8
1343	101.8
1344	98.2
1345	93.1
1346	87.6
1347	83.9
1348	84.8
1349	90.4
1350	96.0
1351	96.3
1352	92.2
1353	85.6
1354	78.9
1355	75.1
1356	73.9
1357	76.7
1358	80.6
1359	83.1
1360	80.8
1361	75.2
1362	69.0
1363	64.5
1364	63.8
1365	69.3
1366	75.4
1367	76.3
1368	71.9
1369	64.5
1370	58.2
1371	55.6
1372	58.1
1373	62.4
1374	64.6
1375	62.7
1376	58.2
1377	55.3
1378	54.6
1379	54.0
1380	52.8
1381	52.0
1382	51.7
1383	52.2
1384	51.5
1385	50.0
1386	48.2
1387	47.0
1388	46.7
1389	46.4
1390	45.8
1391	45.1
1392	44.6
1393	43.9
1394	43.3
1395	42.9
1396	42.0
1397	41.2
1398	42.3
1399	41.2
1400	39.8
1401	38.9
1402	37.8
1403	37.4
1404	37.7
1405	38.2
1406	38.4
1407	37.7
1408	36.3
1409	34.8
1410	33.5
1411	33.3
1412	32.2
1413	31.6
1414	32.3
1415	32.6
1416	31.3
1417	29.2
1418	28.1
1419	28.5
1420	28.7
1421	29.2
1422	28.1
1423	27.1
1424	26.3
1425	25.8
1426	25.9
1427	25.9
1428	25.2
1429	24.6
1430	24.6
1431	24.4
1432	23.2
1433	22.8
1434	23.4
1435	25.4
1436	26.8
1437	24.8
1438	21.1
1439	18.2
1440	17.6
1441	20.0
1442	23.2
1443	25.5
1444	24.0
1445	20.1
1446	17.1
1447	17.0
1448	18.6
1449	18.9
1450	19.2
1451	19.1
1452	18.8
1453	18.0
1454	17.8
1455	18.0
1456	17.3
1457	18.0
1458	19.9
1459	19.4
1460	17.4
1461	14.6
1462	14.0
1463	15.3
1464	16.1
1465	15.2
1466	13.9
1467	14.5
1468	16.2
1469	18.5
1470	19.1
1471	17.4
1472	14.5
1473	11.1
1474	10.3
1475	12.8
1476	14.6
1477	14.3
1478	14.3
1479	14.8
1480	15.4
1481	14.2
1482	11.2
1483	8.8
1484	9.2
1485	10.9
1486	13.0
1487	13.6
1488	12.6
1489	11.4
1490	10.7
1491	10.6
1492	10.7
1493	11.3
1494	10.8
1495	10.1
1496	9.8
1497	9.8
1498	9.0
1499	8.7
1500	10.6
1501	13.8
1502	14.0
1503	13.5
1504	10.9
1505	8.8
1506	9.5
1507	10.0
1508	8.8
1509	8.7
1510	11.7
1511	14.5
1512	13.2
1513	8.4
1514	3.8
1515	2.4
1516	4.9
1517	9.3
1518	12.9
1519	12.0
1520	8.1
1521	3.9
1522	2.9
1523	6.0
1524	9.3
1525	10.9
1526	10.3
1527	9.1
1528	7.8
1529	6.7
1530	5.8
1531	5.4
1532	5.1
1533	6.5
1534	8.9
1535	9.1
1536	7.2
1537	5.4
1538	4.8
1539	4.4
1540	5.0
1541	7.3
1542	9.6
1543	10.4
1544	9.4
1545	5.8
1546	3.7
1547	3.5
1548	4.6
1549	5.2
1550	4.9
1551	5.0
1552	5.5
1553	6.3
1554	6.7
1555	6.9
1556	6.5
1557	4.9
1558	3.9
1559	4.4
1560	5.1
1561	5.7
1562	6.4
1563	6.7
1564	7.4
1565	7.1
1566	5.9
1567	4.8
1568	4.1
1569	3.4
1570	1.6
1571	1.5
1572	4.1
1573	7.6
1574	9.1
1575	8.7
1576	5.5
1577	3.3
1578	3.3
1579	5.0
1580	4.0
1581	1.0
1582	0.1
1583	4.7
1584	10.3
1585	10.8
1586	5.5
1587	0.6
1588	-0.7
1589	1.3
1590	4.7
1591	6.9
1592	7.1
1593	6.3
1594	5.5
1595	4.6
1596	2.3
1597	1.0
1598	2.0
1599	4.3
1600	6.3
1601	7.1
1602	6.0
1603	3.3
1604	0.5
1605	0.1
1606	2.4
1607	5.0
1608	6.1
1609	5.9
1610	4.4
1611	3.3
1612	3.3
1613	3.6
1614	4.0
1615	4.7
1616	5.0
1617	4.5
1618	3.3
1619	2.6
1620	3.6
1621	3.9
1622	3.1
1623	1.8
1624	1.7
1625	3.7
1626	6.2
1627	6.2
1628	4.0
1629	2.0
1630	1.4
1631	2.0
1632	23.6
1633	139.6
1634	306.4
1635	487.6
1636	818.0
1637	1383.2
1638	1786.5
1639	1951.7
1640	2292.7
1641	2788.0
1642	3017.8
1643	3176.4
1644	3626.8
1645	4027.4
1646	4105.2
1647	4288.9
1648	4746.8
1649	4983.8
1650	5011.3
1651	5313.1
1652	5726.8
1653	5809.9
1654	5857.2
1655	6231.8
1656	6518.6
1657	6469.4
1658	6538.6
1659	6929.6
1660	7125.8
1661	7032.6
1662	7155.8
1663	7542.1
1664	7652.1
1665	7533.0
1666	7703.5
1667	8071.3
1668	8116.5
1669	8005.6
1670	8234.5
1671	8570.2
1672	8545.7
1673	8430.2
1674	8679.4
1675	8971.8
1676	8898.8
1677	8781.4
1678	9042.1
1679	9318.4
1680	9230.6
1681	9128.5
1682	9404.1
1683	9659.0
1684	9539.4
1685	9415.0
1686	9678.9
1687	9933.6
1688	9817.5
1689	9690.2
1690	9948.6
1691	10200.8
1692	10080.1
1693	9945.3
1694	10201.5
1695	10460.5
1696	10349.5
1697	10230.6
1698	10494.9
1699	10736.7
1700	10610.8
1701	10506.0
1702	10782.1
1703	11005.0
1704	10846.0
1705	10698.9
1706	10951.8
1707	11192.0
1708	11054.3
1709	10895.3
1710	11125.0
1711	11374.2
1712	11245.5
1713	11050.6
1714	11239.7
1715	11510.6
1716	11416.5
1717	11203.0
1718	11349.7
1719	11638.7
1720	11577.0
1721	11340.9
1722	11436.0
1723	11740.7
1724	11731.0
1725	11489.9
1726	11526.2
1727	11835.4
1728	11877.5
1729	11632.3
1730	11597.1
1731	11899.9
1732	12004.0
1733	11771.9
1734	11665.5
1735	11936.2
1736	12104.6
1737	11907.2
1738	11738.4
1739	11963.7
1740	12193.3
1741	12043.6
1742	11817.6
1743	11970.6
1744	12248.9
1745	12171.6
1746	11916.1
1747	11982.1
1748	12282.6
1749	12284.0
1750	12022.1
1751	12002.5
1752	12310.2
1753	12399.5
1754	12159.1
1755	12052.6
1756	12318.4
1757	12478.5
1758	12276.4
1759	12097.7
1760	12310.6
1761	12545.8
1762	12409.7
1763	12195.9
1764	12358.1
1765	12643.5
1766	12565.4
1767	12320.9
1768	12409.2
1769	12708.7
1770	12690.0
1771	12444.6
1772	12472.3
1773	12777.6
1774	12819.1
1775	12553.5
1776	12465.6
1777	12744.6
1778	12887.1
1779	12670.1
1780	12494.4
1781	12707.9
1782	12924.2
1783	12765.8
1784	12517.0
1785	12640.5
1786	12931.0
1787	12883.9
1788	12633.3
1789	12670.7
1790	12966.3
1791	12987.7
1792	12715.0
1793	12633.9
1794	12917.8
1795	13058.6
1796	12837.5
1797	12651.2
1798	12852.0
1799	13070.5
1800	12922.2
1801	12676.1
1802	12788.4
1803	13075.1
1804	13031.5
1805	12757.7
1806	12748.2
1807	13041.7
1808	13102.9
1809	12842.9
1810	12711.1
1811	12964.3
1812	13150.4
1813	12972.6
1814	12794.7
1815	13004.2
1816	13258.6
1817	13144.5
1818	12945.5
1819	13112.6
1820	13386.8
1821	13304.7
1822	13066.6
1823	13159.6
1824	13450.7
1825	13424.1
1826	13165.4
1827	13171.8
1828	13467.8
1829	13525.9
1830	13282.8
1831	13204.3
1832	13474.4
1833	13602.5
1834	13373.4
1835	13170.3
1836	13354.9
1837	13591.7
1838	13468.9
1839	13216.0
1840	13298.0
1841	13583.5
1842	13559.3
1843	13293.6
1844	13272.6
1845	13559.4
1846	13638.8
1847	13398.2
1848	13276.7
1849	13532.5
1850	13706.0
1851	13508.1
1852	13294.7
1853	13463.1
1854	13713.7
1855	13612.5
1856	13355.0
1857	13415.3
1858	13701.6
1859	13697.7
1860	13423.7
1861	13350.6
1862	13617.0
1863	13736.5
1864	13508.9
1865	13310.0
1866	13488.5
1867	13712.7
1868	13585.0
1869	13333.9
1870	13413.0
1871	13698.4
1872	13680.0
1873	13401.5
1874	13337.2
1875	13612.5
1876	13730.1
1877	13503.6
1878	13333.8
1879	13541.1
1880	13749.9
1881	13593.0
1882	13333.6
1883	13426.3
1884	13711.1
1885	13681.4
1886	13418.7
1887	13415.1
1888	13714.9
1889	13781.7
1890	13534.1
1891	13438.7
1892	13715.5
1893	13879.3
1894	13684.6
1895	13517.9
1896	13731.9
1897	13958.1
1898	13823.8
1899	13623.9
1900	13785.5
1901	14048.5
1902	13956.7
1903	13702.1
1904	13763.9
1905	14052.8
1906	14048.7
1907	13781.2
1908	13726.6
1909	14002.6
1910	14102.8
1911	13866.5
1912	13708.5
1913	13929.0
1914	14130.2
1915	13960.0
1916	13698.3
1917	13787.6
1918	14063.7
1919	14030.1
1920	13762.7
1921	13742.7
1922	14025.8
1923	14094.3
1924	13838.5
1925	13693.3
1926	13929.9
1927	14122.1
1928	13945.6
1929	13712.9
1930	13843.2
1931	14108.1
1932	14039.9
1933	13777.6
1934	13794.2
1935	14081.5
1936	14118.6
1937	13854.2
1938	13737.2
1939	13986.2
1940	14147.5
1941	13945.7
1942	13720.0
1943	13869.4
1944	14125.6
1945	14033.7
1946	13763.6
1947	13788.7
1948	14072.3
1949	14104.0
1950	13854.5
1951	13777.5
1952	14045.8
1953	14180.1
1954	13962.9
1955	13773.1
1956	13962.2
1957	14190.9
1958	14054.2
1959	13776.8
1960	13819.8
1961	14101.9
1962	14107.9
1963	13830.0
1964	13717.4
1965	13963.8
1966	14112.4
1967	13903.5
1968	13670.8
1969	13815.5
1970	14080.9
1971	13999.4
1972	13731.1
1973	13749.9
1974	14034.9
1975	14068.6
1976	13810.9
1977	13706.3
1978	13958.6
1979	14113.2
1980	13906.7
1981	13675.2
1982	13813.9
1983	14071.2
1984	13988.8
1985	13711.4
1986	13704.4
1987	13985.1
1988	14038.6
1989	13773.1
1990	13607.6
1991	13821.4
1992	14022.0
1993	13862.4
1994	13624.3
1995	13737.2
1996	14016.3
1997	13968.7
1998	13694.5
1999	13672.7
2000	13961.2
2001	14042.1
2002	13805.2
2003	13685.0
2004	13937.1
2005	14118.5
2006	13931.2
2007	13721.3
2008	13881.8
2009	14136.3
2010	14039.0
2011	13778.6
2012	13820.9
2013	14111.5
2014	14132.7
2015	13875.1
2016	13794.5
2017	14061.3
2018	14194.7
2019	13979.2
2020	13796.6
2021	13988.7
2022	14216.9
2023	14083.6
2024	13825.4
2025	13893.7
2026	14173.5
2027	14160.4
2028	13893.2
2029	13838.9
2030	14124.3
2031	14240.8
2032	13939.6
2033	13352.4
2034	12829.9
2035	12418.7
2036	12056.8
2037	11709.9
2038	11348.8
2039	10961.7
2040	10557.5
2041	10158.1
2042	9783.7
2043	9443.7
2044	9133.5
2045	8836.4
2046	8537.0
2047	8226.7
2048	7907.0
2049	7587.9
2050	7280.6
2051	6993.4
2052	6726.4
2053	6474.1
2054	6226.3
2055	5976.0
2056	5721.6
2057	5462.8
2058	5201.1
2059	4941.4
2060	4688.3
2061	4441.8
2062	4198.3
2063	3956.3
2064	3715.3
2065	3476.5
2066	3243.1
2067	3020.0
2068	2807.8
2069	2608.7
2070	2422.4
2071	2248.8
2072	2083.4
2073	1925.0
2074	1774.5
2075	1632.4
2076	1500.3
2077	1379.2
2078	1269.8
2079	1170.4
2080	1077.6
2081	993.4
2082	916.2
2083	843.3
2084	775.9
2085	713.5
2086	657.2
2087	606.7
2088	561.0
2089	519.8
2090	482.5
2091	449.4
2092	418.9
2093	390.3
2094	364.6
2095	341.4
2096	320.9
2097	302.2
2098	285.5
2099	269.8
2100	256.2
2101	244.5
2102	232.8
2103	222.2
2104	212.9
2105	204.1
2106	196.5
2107	189.6
2108	182.8
2109	176.7
2110	172.4
2111	167.6
2112	161.1
2113	155.6
2114	151.9
2115	148.4
2116	144.4
2117	141.2
2118	138.6
2119	135.6
2120	132.1
2121	129.6
2122	127.2
2123	124.7
2124	122.6
2125	120.0
2126	116.9
2127	115.8
2128	114.5
2129	112.7
2130	110.4
2131	108.4
2132	107.1
2133	106.5
2134	104.9
2135	103.1
2136	101.1
2137	100.7
2138	99.1
2139	96.1
2140	94.4
2141	93.6
2142	92.3
2143	90.5
2144	88.7
2145	87.2
2146	86.4
2147	86.6
2148	85.2
2149	82.9
2150	81.4
2151	79.5
2152	78.3
2153	76.6
2154	75.5
2155	75.5
2156	74.1
2157	72.5
2158	70.9
2159	69.8
2160	69.2
2161	67.6
2162	66.4
2163	65.2
2164	64.2
2165	62.6
2166	61.4
2167	61.0
2168	61.6
2169	60.8
2170	59.2
2171	57.8
2172	55.8
2173	54.7
2174	54.3
2175	53.4
2176	52.0
2177	50.9
2178	50.6
2179	49.8
2180	48.4
2181	47.6
2182	47.1
2183	46.6
2184	46.0
2185	45.2
2186	45.0
2187	44.7
2188	43.0
2189	41.5
2190	40.5
2191	40.1
2192	40.0
2193	39.1
2194	38.2
2195	37.7
2196	37.5
2197	36.7
2198	35.6
2199	35.2
2200	35.0
2201	34.5
2202	33.0
2203	32.0
2204	32.4
2205	32.6
2206	32.3
2207	31.0
2208	30.6
2209	30.7
2210	30.4
2211	29.5
2212	28.8
2213	27.7
2214	27.1
2215	26.9
2216	26.9
2217	26.7
2218	26.0
2219	25.0
2220	24.6
2221	24.6
2222	24.1
2223	24.0
2224	23.6
2225	22.7
2226	22.2
2227	22.2
2228	21.9
2229	21.1
2230	20.2
2231	20.3
2232	20.1
2233	20.0
2234	19.6
2235	19.0
2236	18.9
2237	20.5
2238	21.7
2239	20.2
2240	19.6
2241	18.8
2242	17.6
2243	16.8
2244	16.2
2245	16.0
2246	15.8
2247	15.6
2248	15.2
2249	14.9
2250	14.6
2251	15.0
2252	14.3
2253	14.1
2254	13.9
2255	13.7
2256	13.2
2257	13.1
2258	13.4
2259	13.1
2260	12.7
2261	12.0
2262	11.8
2263	11.8
2264	11.9
2265	11.5
2266	10.6
2267	11.0
2268	13.7
2269	14.8
2270	13.7
2271	13.1
2272	13.8
2273	14.3
2274	13.6
2275	12.5
2276	12.7
2277	13.3
2278	13.2
2279	12.8
2280	13.0
2281	11.8
2282	9.9
2283	8.5
2284	8.8
2285	9.1
2286	8.0
2287	7.3
2288	7.7
2289	8.0
2290	8.4
2291	8.1
2292	7.3
2293	6.7
2294	6.9
2295	7.4
2296	7.4
2297	7.1
2298	6.7
2299	6.2
2300	5.8
2301	5.4
2302	5.7
2303	5.7
2304	6.0
2305	6.3
2306	5.7
2307	5.2
2308	4.3
2309	5.6
2310	6.5
2311	6.1
2312	5.2
2313	5.1
2314	5.0
2315	4.6
2316	4.2
2317	4.1
2318	3.7
2319	3.6
2320	3.8
2321	4.3
2322	3.7
2323	3.5
2324	3.4
2325	3.2
2326	3.5
2327	3.7
2328	4.2
2329	4.8
2330	4.6
2331	3.7
2332	2.7
2333	2.9
2334	3.5
2335	3.1
2336	2.7
2337	2.3
2338	3.5
2339	4.4
2340	4.0
2341	4.1
2342	3.9
2343	3.9
2344	3.2
2345	2.5
2346	2.0
2347	1.8
2348	1.4
2349	1.7
2350	1.7
2351	1.8
2352	2.2
2353	1.5
2354	1.3
2355	1.7
2356	1.7
2357	1.4
2358	0.9
2359	0.7
2360	0.9
2361	1.0
2362	1.1
2363	1.2
2364	0.8
2365	0.1
2366	0.5
2367	1.3
2368	1.4
2369	1.3
2370	1.5
2371	1.5
2372	0.9
2373	0.6
2374	0.4
2375	0.1
2376	0.1
2377	0.3
2378	0.6
2379	0.7
2380	-0.0
2381	-0.6
2382	-0.3
2383	-0.2
2384	-0.4
2385	0.0
2386	0.2
2387	-0.4
2388	-0.5
2389	-0.0
2390	-0.3
2391	-0.6
2392	-0.9
2393	-0.1
2394	0.4
2395	1.1
2396	0.8
2397	-0.3
2398	-0.5
2399	-0.8
2400	-0.6
2401	-0.7
2402	-1.3
2403	-1.4
2404	-0.9
2405	-0.4
2406	0.8
2407	0.7
2408	0.5
2409	0.6
2410	0.2
2411	-0.8
2412	-1.0
2413	-1.2
2414	-1.0
2415	-1.5
2416	-1.4
2417	-1.3
2418	-1.4
2419	-1.5
2420	-1.4
2421	-1.2
2422	-1.1
2423	-1.3
2424	-1.5
2425	-1.6
2426	-1.4
2427	-1.2
2428	-1.6
2429	-1.4
2430	-1.1
2431	-0.9
2432	-5.3
2433	58.1
2434	363.3
2435	803.9
2436	1107.7
2437	1357.6
2438	1805.2
2439	2237.8
2440	2430.4
2441	2712.0
2442	3227.9
2443	3556.7
2444	3692.0
2445	4040.2
2446	4458.1
2447	4573.2
2448	4671.3
2449	5064.2
2450	5377.3
2451	5405.9
2452	5567.5
2453	5979.8
2454	6165.9
2455	6129.1
2456	6337.7
2457	6712.3
2458	6791.9
2459	6752.5
2460	7026.2
2461	7357.3
2462	7353.0
2463	7312.1
2464	7605.2
2465	7878.7
2466	7817.1
2467	7796.0
2468	8120.0
2469	8355.4
2470	8256.5
2471	8255.6
2472	8588.4
2473	8777.5
2474	8651.0
2475	8670.1
2476	9001.4
2477	9145.4
2478	8987.0
2479	8999.9
2480	9329.7
2481	9469.7
2482	9302.4
2483	9301.0
2484	9618.1
2485	9758.2
2486	9596.5
2487	9599.5
2488	9917.9
2489	10046.3
2490	9863.6
2491	9837.5
2492	10144.8
2493	10288.0
2494	10118.8
2495	10104.0
2496	10422.8
2497	10568.3
2498	10396.0
2499	10392.8
2500	10720.7
2501	10855.7
2502	10681.4
2503	10682.0
2504	10990.5
2505	11091.9
2506	10890.0
2507	10866.7
2508	11174.9
2509	11298.5
2510	11102.0
2511	11055.2
2512	11351.2
2513	11489.1
2514	11296.0
2515	11229.9
2516	11522.0
2517	11682.4
2518	11499.0
2519	11408.0
2520	11679.2
2521	11850.4
2522	11672.9
2523	11557.5
2524	11814.1
2525	12009.2
2526	11846.3
2527	11706.1
2528	11944.1
2529	12163.3
2530	12013.7
2531	11834.9
2532	12029.7
2533	12276.8
2534	12166.1
2535	11964.7
2536	12120.1
2537	12391.1
2538	12312.2
2539	12079.8
2540	12176.3
2541	12467.6
2542	12443.9
2543	12194.1
2544	12213.5
2545	12505.3
2546	12550.9
2547	12314.9
2548	12271.3
2549	12554.0
2550	12660.4
2551	12442.8
2552	12344.2
2553	12612.6
2554	12779.7
2555	12598.5
2556	12474.8
2557	12723.3
2558	12924.2
2559	12769.5
2560	12637.2
2561	12880.1
2562	13099.8
2563	12949.8
2564	12785.3
2565	12996.1
2566	13227.3
2567	13093.2
2568	12891.0
2569	13051.9
2570	13308.9
2571	13214.5
2572	12977.4
2573	13071.7
2574	13353.5
2575	13320.2
2576	13067.8
2577	13084.2
2578	13372.8
2579	13414.3
2580	13166.6
2581	13105.8
2582	13386.7
2583	13502.9
2584	13284.5
2585	13163.3
2586	13409.5
2587	13585.2
2588	13401.5
2589	13223.1
2590	13422.1
2591	13648.1
2592	13514.1
2593	13288.1
2594	13408.2
2595	13670.6
2596	13605.4
2597	13357.5
2598	13398.3
2599	13682.1
2600	13697.9
2601	13443.0
2602	13388.7
2603	13663.7
2604	13768.9
2605	13539.2
2606	13391.0
2607	13616.1
2608	13806.7
2609	13635.4
2610	13418.8
2611	13563.5
2612	13809.7
2613	13715.0
2614	13455.7
2615	13496.0
2616	13775.9
2617	13788.7
2618	13528.2
2619	13452.8
2620	13715.1
2621	13837.6
2622	13619.9
2623	13448.2
2624	13646.3
2625	13856.0
2626	13707.5
2627	13467.7
2628	13575.4
2629	13847.8
2630	13798.5
2631	13534.5
2632	13526.7
2633	13803.4
2634	13859.0
2635	13605.7
2636	13476.4
2637	13710.8
2638	13881.8
2639	13696.1
2640	13487.6
2641	13647.2
2642	13894.3
2643	13791.9
2644	13532.6
2645	13583.7
2646	13869.4
2647	13875.2
2648	13610.4
2649	13540.6
2650	13806.8
2651	13923.0
2652	13697.5
2653	13523.6
2654	13722.0
2655	13935.1
2656	13787.6
2657	13535.0
2658	13621.4
2659	13894.9
2660	13860.3
2661	13587.0
2662	13544.8
2663	13817.3
2664	13905.9
2665	13669.2
2666	13521.8
2667	13743.8
2668	13937.4
2669	13764.9
2670	13517.8
2671	13622.4
2672	13889.7
2673	13838.3
2674	13561.3
2675	13527.4
2676	13803.0
2677	13884.1
2678	13642.5
2679	13503.9
2680	13738.4
2681	13924.8
2682	13746.8
2683	13522.4
2684	13662.1
2685	13928.1
2686	13853.2
2687	13590.1
2688	13612.5
2689	13895.6
2690	13927.1
2691	13668.7
2692	13570.8
2693	13825.7
2694	13971.8
2695	13762.4
2696	13555.6
2697	13722.6
2698	13964.1
2699	13857.4
2700	13600.9
2701	13651.3
2702	13931.7
2703	13937.9
2704	13672.0
2705	13588.8
2706	13845.3
2707	13972.0
2708	13751.2
2709	13547.7
2710	13714.8
2711	13948.3
2712	13833.3
2713	13568.0
2714	13605.5
2715	13882.5
2716	13896.9
2717	13628.7
2718	13515.4
2719	13755.4
2720	13912.1
2721	13712.9
2722	13483.4
2723	13616.5
2724	13868.2
2725	13786.5
2726	13510.1
2727	13501.3
2728	13780.5
2729	13842.8
2730	13591.1
2731	13440.6
2732	13659.2
2733	13851.8
2734	13688.0
2735	13459.0
2736	13577.5
2737	13843.6
2738	13785.1
2739	13517.3
2740	13505.3
2741	13786.5
2742	13863.0
2743	13626.3
2744	13502.6
2745	13744.2
2746	13922.0
2747	13741.1
2748	13535.8
2749	13695.8
2750	13950.5
2751	13858.5
2752	13596.9
2753	13630.9
2754	13912.2
2755	13931.2
2756	13663.3
2757	13553.3
2758	13799.0
2759	13954.6
2760	13754.0
2761	13534.0
2762	13680.4
2763	13932.7
2764	13844.3
2765	13574.6
2766	13588.0
2767	13871.3
2768	13917.5
2769	13664.5
2770	13550.1
2771	13790.6
2772	13956.6
2773	13775.4
2774	13576.7
2775	13735.8
2776	13979.3
2777	13881.8
2778	13646.8
2779	13727.9
2780	14022.4
2781	14023.0
2782	13769.0
2783	13732.0
2784	14002.3
2785	14090.3
2786	13850.8
2787	13690.1
2788	13908.5
2789	14116.8
2790	13956.9
2791	13706.1
2792	13801.8
2793	14071.1
2794	14026.7
2795	13764.3
2796	13755.0
2797	14051.8
2798	14136.9
2799	13906.3
2800	13813.1
2801	14071.2
2802	14226.7
2803	14031.3
2804	13851.5
2805	14038.6
2806	14266.9
2807	14138.8
2808	13887.0
2809	13963.3
2810	14242.2
2811	14223.2
2812	13958.6
2813	13916.2
2814	14193.6
2815	14293.9
2816	14064.1
2817	13918.0
2818	14140.3
2819	14332.9
2820	14163.5
2821	13926.1
2822	14040.0
2823	14304.0
2824	14247.5
2825	14001.4
2826	14027.5
2827	14316.9
2828	14354.6
2829	14098.9
2830	14000.8
2831	14253.7
2832	14351.9
2833	13960.7
2834	13424.6
2835	12932.4
2836	12497.1
2837	12103.7
2838	11727.6
2839	11342.4
2840	10936.8
2841	10520.2
2842	10109.6
2843	9721.2
2844	9364.7
2845	9036.0
2846	8720.7
2847	8405.0
2848	8082.2
2849	7753.1
2850	7425.5
2851	7107.2
2852	6799.9
2853	6493.9
2854	6184.4
2855	5866.9
2856	5540.6
2857	5210.2
2858	4881.3
2859	4561.6
2860	4256.3
2861	3968.2
2862	3697.6
2863	3440.6
2864	3193.6
2865	2957.6
2866	2732.9
2867	2519.4
2868	2318.1
2869	2132.0
2870	1960.5
2871	1801.5
2872	1653.6
2873	1516.7
2874	1390.3
2875	1272.4
2876	1163.6
2877	1063.1
2878	972.0
2879	888.9
2880	814.2
2881	746.7
2882	685.6
2883	629.9
2884	579.3
2885	533.0
2886	491.8
2887	454.7
2888	421.5
2889	391.2
2890	364.8
2891	341.3
2892	320.8
2893	302.0
2894	283.6
2895	267.2
2896	252.3
2897	237.6
2898	225.6
2899	215.5
2900	207.3
2901	199.3
2902	191.0
2903	182.7
2904	175.7
2905	170.1
2906	165.4
2907	159.9
2908	154.1
2909	150.0
2910	146.7
2911	142.9
2912	138.3
2913	133.9
2914	130.9
2915	128.2
2916	125.3
2917	123.7
2918	122.9
2919	120.1
2920	117.4
2921	115.4
2922	113.8
2923	111.0
2924	108.4
2925	106.3
2926	104.8
2927	102.9
2928	101.3
2929	99.9
2930	98.6
2931	97.9
2932	96.2
2933	93.4
2934	91.7
2935	90.4
2936	89.6
2937	89.0
2938	88.0
2939	86.6
2940	84.9
2941	83.1
2942	81.7
2943	81.5
2944	79.8
2945	77.6
2946	76.9
2947	76.4
2948	75.6
2949	73.8
2950	74.2
2951	73.0
2952	71.3
2953	71.1
2954	69.4
2955	67.3
2956	65.5
2957	64.2
2958	63.0
2959	61.5
2960	60.6
2961	60.3
2962	59.9
2963	59.0
2964	57.1
2965	55.0
2966	54.0
2967	53.6
2968	53.2
2969	52.9
2970	53.0
2971	52.0
2972	50.2
2973	48.3
2974	47.1
2975	46.5
2976	46.6
2977	45.8
2978	44.5
2979	44.1
2980	43.8
2981	42.2
2982	40.2
2983	39.4
2984	39.4
2985	39.8
2986	39.0
2987	38.2
2988	37.6
2989	36.2
2990	35.2
2991	35.7
2992	35.9
2993	35.4
2994	34.1
2995	32.5
2996	31.0
2997	31.0
2998	31.1
2999	30.4
3000	29.2
3001	29.0
3002	29.5
3003	29.6
3004	28.2
3005	27.0
3006	27.2
3007	26.8
3008	24.8
3009	23.3
3010	23.7
3011	25.0
3012	25.5
3013	24.9
3014	23.4
3015	22.0
3016	21.8
3017	21.4
3018	21.5
3019	21.6
3020	23.1
3021	23.0
3022	22.1
3023	21.9
3024	21.1
3025	20.1
3026	18.8
3027	18.3
3028	18.2
3029	17.8
3030	17.8
3031	18.2
3032	17.5
3033	16.8
3034	15.8
3035	15.4
3036	15.1
3037	15.1
3038	15.4
3039	15.2
3040	14.9
3041	14.0
3042	13.8
3043	13.4
3044	13.1
3045	12.9
3046	12.5
3047	12.5
3048	12.6
3049	13.2
3050	12.3
3051	11.6
3052	11.4
3053	13.3
3054	13.0
3055	11.2
3056	10.8
3057	10.6
3058	10.6
3059	10.5
3060	10.3
3061	9.8
3062	9.2
3063	9.0
3064	9.5
3065	9.6
3066	8.8
3067	8.5
3068	8.4
3069	8.4
3070	8.0
3071	8.1
3072	8.0
3073	7.8
3074	8.5
3075	9.0
3076	8.5
3077	8.9
3078	8.1
3079	6.6
3080	6.7
3081	7.4
3082	7.4
3083	6.5
3084	6.0
3085	5.1
3086	5.4
3087	6.5
3088	7.2
3089	6.0
3090	4.1
3091	4.2
3092	6.0
3093	6.3
3094	5.0
3095	3.7
3096	4.2
3097	6.6
3098	7.3
3099	6.3
3100	4.7
3101	4.2
3102	4.3
3103	4.4
3104	3.5
3105	2.8
3106	3.2
3107	4.2
3108	4.3
3109	4.5
3110	4.2
3111	3.9
3112	3.2
3113	2.7
3114	2.9
3115	3.9
3116	4.6
3117	4.1
3118	3.0
3119	2.3
3120	2.4
3121	2.9
3122	2.6
3123	1.8
3124	1.5
3125	2.2
3126	3.5
3127	4.3
3128	3.7
3129	2.1
3130	1.7
3131	2.4
3132	3.2
3133	2.9
3134	2.4
3135	2.3
3136	2.3
3137	1.8
3138	0.9
3139	0.6
3140	1.7
3141	1.8
3142	1.2
3143	0.4
3144	1.6
3145	2.9
3146	2.4
3147	1.4
3148	0.5
3149	0.6
3150	0.7
3151	-0.2
3152	-0.6
3153	-0.1
3154	0.9
3155	1.6
3156	0.7
3157	-0.2
3158	-0.7
3159	-0.7
3160	0.1
3161	0.6
3162	0.3
3163	-0.7
3164	-0.9
3165	-0.7
3166	-0.5
3167	-0.9
3168	-1.1
3169	-1.3
3170	-1.2
3171	-0.4
3172	0.5
3173	2.4
3174	1.3
3175	0.7
3176	1.0
3177	-0.3
3178	-0.7
3179	0.8
3180	0.8
3181	0.1
3182	-0.2
3183	-0.0
3184	-0.7
3185	-1.5
3186	-1.5
3187	-0.8
3188	-0.4
3189	-0.7
3190	-0.6
3191	-1.0
3192	-1.2
3193	-1.0
3194	-1.5
3195	-1.7
3196	-1.4
3197	-1.3
3198	-1.1
3199	-1.2
3200	-0.9
3201	-0.9
3202	-1.3
3203	-0.8
3204	-0.7
3205	-1.6
3206	-2.4
3207	-2.8
3208	-2.3
3209	-0.9
3210	-0.6
3211	-1.1
3212	-1.7
3213	-2.0
3214	-1.3
3215	-1.3
3216	-1.5
3217	-1.6
3218	-1.6
3219	-1.8
3220	-1.8
3221	-2.4
3222	-2.7
3223	-2.8
3224	-2.5
3225	-1.9
3226	-1.3
3227	-1.0
3228	-1.8
3229	-2.8
3230	-3.7
3231	-2.3
3232	-1.5
3233	-23.4
3234	48.9
3235	484.0
3236	1045.9
3237	1370.8
3238	1583.4
3239	2019.2
3240	2439.0
3241	2603.8
3242	2859.4
3243	3363.4
3244	3681.2
3245	3772.6
3246	4070.3
3247	4493.8
3248	4622.0
3249	4674.0
3250	5036.0
3251	5393.3
3252	5435.9
3253	5535.1
3254	5926.6
3255	6162.4
3256	6116.8
3257	6260.7
3258	6650.5
3259	6790.2
3260	6720.9
3261	6927.8
3262	7296.6
3263	7347.8
3264	7253.7
3265	7479.6
3266	7804.6
3267	7797.0
3268	7706.1
3269	7962.1
3270	8265.3
3271	8216.4
3272	8123.5
3273	8386.8
3274	8662.7
3275	8590.3
3276	8503.9
3277	8775.5
3278	9034.1
3279	8938.4
3280	8838.5
3281	9095.7
3282	9346.1
3283	9242.2
3284	9124.7
3285	9375.9
3286	9633.9
3287	9531.1
3288	9399.0
3289	9631.6
3290	9887.9
3291	9786.7
3292	9629.3
3293	9836.1
3294	10110.9
3295	10036.7
3296	9873.8
3297	10071.9
3298	10362.7
3299	10295.4
3300	10115.1
3301	10285.8
3302	10574.1
3303	10521.0
3304	10325.6
3305	10468.3
3306	10767.6
3307	10738.2
3308	10526.0
3309	10625.4
3310	10926.2
3311	10926.0
3312	10697.4
3313	10740.9
3314	11049.1
3315	11099.8
3316	10867.2
3317	10845.7
3318	11141.6
3319	11246.8
3320	11028.1
3321	10936.0
3322	11204.6
3323	11375.1
3324	11194.1
3325	11050.8
3326	11281.4
3327	11501.4
3328	11362.5
3329	11176.3
3330	11356.4
3331	11614.9
3332	11522.4
3333	11300.9
3334	11419.6
3335	11705.3
3336	11671.0
3337	11419.9
3338	11447.3
3339	11741.8
3340	11785.5
3341	11534.8
3342	11460.9
3343	11734.4
3344	11872.3
3345	11657.4
3346	11487.5
3347	11697.0
3348	11916.0
3349	11776.2
3350	11558.4
3351	11705.6
3352	11986.4
3353	11927.6
3354	11679.0
3355	11735.2
3356	12032.9
3357	12053.9
3358	11806.2
3359	11782.8
3360	12078.6
3361	12176.5
3362	11954.0
3363	11869.2
3364	12142.3
3365	12307.5
3366	12124.5
3367	11993.4
3368	12230.9
3369	12439.5
3370	12293.1
3371	12126.9
3372	12325.6
3373	12568.8
3374	12463.6
3375	12272.2
3376	12430.5
3377	12698.2
3378	12632.2
3379	12422.4
3380	12537.2
3381	12814.9
3382	12773.7
3383	12521.7
3384	12546.4
3385	12834.2
3386	12881.0
3387	12644.0
3388	12585.9
3389	12849.4
3390	12960.6
3391	12742.5
3392	12597.9
3393	12823.6
3394	13025.1
3395	12871.2
3396	12662.4
3397	12807.2
3398	13058.5
3399	12979.8
3400	12735.7
3401	12794.1
3402	13075.1
3403	13081.9
3404	12828.7
3405	12789.6
3406	13067.9
3407	13169.8
3408	12945.6
3409	12820.4
3410	13056.8
3411	13234.6
3412	13055.4
3413	12843.8
3414	12997.6
3415	13243.1
3416	13150.1
3417	12891.6
3418	12938.4
3419	13220.3
3420	13235.7
3421	12977.8
3422	12909.8
3423	13175.8
3424	13298.2
3425	13081.3
3426	12913.4
3427	13119.2
3428	13331.3
3429	13185.0
3430	12945.4
3431	13054.4
3432	13325.8
3433	13277.0
3434	13015.4
3435	13023.6
3436	13312.8
3437	13368.9
3438	13117.8
3439	13008.5
3440	13255.9
3441	13411.8
3442	13213.8
3443	13012.3
3444	13181.9
3445	13417.9
3446	13310.1
3447	13051.1
3448	13103.8
3449	13385.1
3450	13388.7
3451	13121.7
3452	13053.7
3453	13326.3
3454	13447.7
3455	13224.1
3456	13045.9
3457	13241.7
3458	13454.7
3459	13313.4
3460	13078.5
3461	13193.1
3462	13471.2
3463	13423.7
3464	13149.0
3465	13129.6
3466	13410.9
3467	13484.9
3468	13236.2
3469	13094.4
3470	13329.8
3471	13519.0
3472	13340.9
3473	13107.9
3474	13239.9
3475	13504.5
3476	13434.4
3477	13178.3
3478	13213.6
3479	13503.1
3480	13531.2
3481	13274.4
3482	13198.7
3483	13467.0
3484	13597.6
3485	13375.8
3486	13179.0
3487	13358.5
3488	13587.8
3489	13460.2
3490	13190.1
3491	13236.9
3492	13517.9
3493	13524.4
3494	13250.5
3495	13153.5
3496	13409.6
3497	13552.3
3498	13338.9
3499	13131.3
3500	13300.1
3501	13540.6
3502	13428.8
3503	13155.2
3504	13189.2
3505	13472.7
3506	13493.2
3507	13222.2
3508	13112.7
3509	13362.7
3510	13518.4
3511	13321.3
3512	13121.1
3513	13298.1
3514	13548.7
3515	13441.0
3516	13177.5
3517	13224.4
3518	13507.6
3519	13517.3
3520	13250.8
3521	13173.2
3522	13440.7
3523	13571.6
3524	13349.1
3525	13153.9
3526	13338.2
3527	13573.6
3528	13454.6
3529	13203.0
3530	13272.0
3531	13550.2
3532	13543.1
3533	13280.6
3534	13226.5
3535	13498.7
3536	13614.7
3537	13389.1
3538	13208.1
3539	13403.2
3540	13626.1
3541	13488.1
3542	13227.6
3543	13300.2
3544	13581.8
3545	13573.5
3546	13308.4
3547	13250.3
3548	13517.0
3549	13626.9
3550	13399.1
3551	13230.5
3552	13440.6
3553	13661.8
3554	13519.5
3555	13276.4
3556	13376.4
3557	13651.5
3558	13613.5
3559	13341.5
3560	13304.8
3561	13582.6
3562	13675.9
3563	13448.6
3564	13324.9
3565	13562.1
3566	13746.1
3567	13568.2
3568	13338.0
3569	13466.9
3570	13729.2
3571	13660.7
3572	13385.6
3573	13375.5
3574	13653.4
3575	13717.0
3576	13470.4
3577	13333.4
3578	13561.6
3579	13747.0
3580	13570.0
3581	13326.0
3582	13437.9
3583	13705.9
3584	13657.5
3585	13398.7
3586	13407.6
3587	13710.4
3588	13782.6
3589	13555.0
3590	13498.1
3591	13781.5
3592	13912.6
3593	13704.5
3594	13579.1
3595	13823.1
3596	14012.4
3597	13837.5
3598	13634.2
3599	13798.9
3600	14047.5
3601	13944.5
3602	13683.8
3603	13734.7
3604	14022.3
3605	14030.3
3606	13767.5
3607	13706.1
3608	13980.6
3609	14096.2
3610	13869.1
3611	13701.1
3612	13910.2
3613	14121.5
3614	13966.4
3615	13714.0
3616	13804.9
3617	14076.7
3618	14042.5
3619	13781.4
3620	13762.8
3621	14048.3
3622	14126.2
3623	13882.4
3624	13753.2
3625	13994.6
3626	14176.0
3627	14002.1
3628	13820.7
3629	14013.5
3630	14263.6
3631	14150.9
3632	13838.0
3633	13483.9
3634	13080.1
3635	12711.3
3636	12373.8
3637	12044.0
3638	11704.0
3639	11348.1
3640	10983.0
3641	10625.8
3642	10290.1
3643	9979.9
3644	9689.2
3645	9407.5
3646	9122.8
3647	8829.4
3648	8531.3
3649	8236.6
3650	7953.9
3651	7685.9
3652	7432.6
3653	7188.2
3654	6947.2
3655	6707.0
3656	6465.5
3657	6224.2
3658	5989.5
3659	5766.1
3660	5552.7
3661	5347.5
3662	5147.7
3663	4951.7
3664	4758.0
3665	4565.7
3666	4377.9
3667	4192.4
3668	4005.4
3669	3821.0
3670	3639.0
3671	3457.5
3672	3276.8
3673	3097.5
3674	2920.6
3675	2748.2
3676	2578.9
3677	2415.2
3678	2259.4
3679	2110.5
3680	1967.6
3681	1831.5
3682	1702.7
3683	1580.7
3684	1469.1
3685	1364.7
3686	1266.0
3687	1173.8
3688	1086.7
3689	1005.2
3690	929.4
3691	859.4
3692	795.5
3693	736.9
3694	684.7
3695	637.4
3696	593.7
3697	553.4
3698	515.4
3699	479.8
3700	447.7
3701	419.8
3702	394.9
3703	371.2
3704	349.0
3705	329.0
3706	311.1
3707	294.1
3708	278.7
3709	265.0
3710	252.4
3711	241.1
3712	231.0
3713	221.6
3714	212.5
3715	204.0
3716	195.8
3717	189.2
3718	183.3
3719	177.1
3720	171.3
3721	166.2
3722	161.7
3723	157.7
3724	153.4
3725	148.8
3726	145.2
3727	141.8
3728	139.4
3729	137.0
3730	133.8
3731	130.6
3732	127.8
3733	125.1
3734	122.6
3735	119.8
3736	117.1
3737	115.2
3738	113.6
3739	111.5
3740	109.4
3741	107.0
3742	105.5
3743	103.4
3744	102.4
3745	100.3
3746	98.2
3747	96.9
3748	95.6
3749	94.0
3750	92.2
3751	90.5
3752	88.8
3753	87.8
3754	87.4
3755	86.2
3756	84.3
3757	82.3
3758	80.6
3759	79.7
3760	78.3
3761	76.2
3762	75.4
3763	74.4
3764	73.6
3765	73.3
3766	72.7
3767	70.1
3768	68.0
3769	66.9
3770	66.0
3771	65.5
3772	65.0
3773	63.3
3774	61.6
3775	60.3
3776	59.8
3777	58.6
3778	57.2
3779	56.2
3780	55.6
3781	55.0
3782	54.2
3783	52.9
3784	52.0
3785	50.8
3786	50.3
3787	49.3
3788	48.2
3789	47.0
3790	46.3
3791	45.8
3792	45.6
3793	44.4
3794	43.3
3795	42.8
3796	43.2
3797	42.3
3798	40.6
3799	39.4
3800	38.5
3801	37.8
3802	37.7
3803	37.0
3804	36.2
3805	35.5
3806	35.2
3807	35.0
3808	34.9
3809	34.0
3810	32.7
3811	31.9
3812	31.0
3813	30.7
3814	30.0
3815	29.6
3816	29.1
3817	28.7
3818	28.2
3819	27.4
3820	26.6
3821	26.5
3822	26.3
3823	25.4
3824	24.8
3825	24.7
3826	24.9
3827	25.1
3828	24.8
3829	23.8
3830	22.5
3831	22.0
3832	21.8
3833	21.7
3834	21.3
3835	20.7
3836	20.6
3837	21.0
3838	20.8
3839	19.8
3840	18.8
3841	18.2
3842	18.2
3843	17.5
3844	17.0
3845	17.1
3846	17.1
3847	16.6
3848	16.3
3849	16.5
3850	15.9
3851	15.2
3852	15.1
3853	14.9
3854	14.7
3855	15.3
3856	16.9
3857	14.7
3858	13.7
3859	14.8
3860	14.4
3861	13.0
3862	12.4
3863	12.2
3864	12.7
3865	13.5
3866	13.1
3867	11.6
3868	11.2
3869	11.2
3870	11.1
3871	10.8
3872	10.4
3873	10.4
3874	10.4
3875	10.4
3876	10.0
3877	9.4
3878	9.3
3879	9.5
3880	9.7
3881	9.0
3882	8.5
3883	8.9
3884	9.9
3885	9.7
3886	9.6
3887	8.5
3888	8.0
3889	7.7
3890	7.5
3891	7.6
3892	7.5
3893	7.3
3894	6.9
3895	7.2
3896	8.1
3897	7.7
3898	6.6
3899	6.1
3900	5.7
3901	5.9
3902	6.2
3903	6.2
3904	5.4
3905	4.7
3906	4.9
3907	4.9
3908	5.8
3909	5.6
3910	4.5
3911	4.4
3912	5.0
3913	6.1
3914	6.1
3915	4.8
3916	4.1
3917	4.0
3918	3.7
3919	4.1
3920	5.0
3921	5.0
3922	5.4
3923	5.6
3924	5.0
3925	4.9
3926	4.9
3927	4.7
3928	3.5
3929	2.6
3930	2.6
3931	2.7
3932	3.0
3933	2.5
3934	2.2
3935	2.9
3936	3.3
3937	2.6
3938	2.0
3939	1.7
3940	1.3
3941	1.4
3942	0.8
3943	0.9
3944	1.3
3945	1.9
3946	2.4
3947	1.6
3948	1.3
3949	1.5
3950	2.0
3951	1.9
3952	1.2
3953	1.1
3954	2.3
3955	4.4
3956	2.4
3957	1.3
3958	1.2
3959	0.5
3960	0.1
3961	0.9
3962	1.1
3963	1.6
3964	1.7
3965	1.8
3966	2.0
3967	1.3
3968	0.6
3969	-0.4
3970	-1.3
3971	-1.2
3972	-0.7
3973	-0.4
3974	-0.1
3975	-0.6
3976	-0.5
3977	