12.4
692	10.4
693	10.6
694	12.0
695	12.8
696	13.7
697	12.6
698	11.6
699	11.3
700	12.7
701	12.5
702	11.3
703	10.6
704	11.7
705	12.2
706	11.5
707	9.5
708	8.4
709	8.1
710	9.6
711	11.0
712	10.8
713	8.8
714	7.5
715	7.2
716	8.8
717	9.8
718	9.0
719	7.0
720	7.5
721	10.0
722	11.6
723	10.5
724	7.7
725	5.4
726	5.3
727	7.3
728	9.1
729	8.9
730	8.4
731	8.6
732	8.0
733	7.1
734	7.3
735	6.9
736	6.7
737	6.5
738	6.6
739	6.9
740	7.1
741	6.5
742	6.3
743	5.8
744	5.5
745	5.5
746	5.5
747	6.0
748	6.5
749	5.9
750	5.4
751	4.6
752	5.3
753	7.1
754	8.2
755	6.8
756	4.8
757	4.5
758	4.9
759	5.0
760	5.1
761	4.7
762	4.5
763	4.6
764	5.1
765	5.4
766	4.7
767	4.0
768	3.8
769	4.4
770	5.0
771	4.6
772	4.2
773	4.9
774	5.7
775	5.5
776	4.4
777	4.1
778	3.4
779	3.4
780	3.8
781	4.1
782	4.1
783	4.2
784	3.8
785	3.3
786	2.9
787	3.3
788	3.6
789	3.2
790	2.5
791	2.9
792	3.3
793	3.7
794	3.3
795	3.0
796	2.4
797	3.1
798	3.6
799	3.3
800	3.0
801	3.7
802	6.0
803	5.0
804	4.2
805	4.3
806	4.7
807	4.6
808	3.7
809	3.0
810	2.8
811	2.8
812	2.2
813	1.9
814	2.5
815	2.7
816	3.0
817	2.3
818	2.1
819	1.7
820	2.0
821	2.7
822	2.7
823	1.9
824	2.1
825	2.2
826	2.5
827	3.0
828	3.2
829	2.7
830	2.5
831	3.4
832	25.1
833	140.9
834	309.6
835	514.5
836	919.9
837	1518.9
838	1884.4
839	2121.7
840	2601.8
841	3030.0
842	3205.9
843	3567.0
844	4084.3
845	4289.6
846	4456.1
847	4910.7
848	5206.4
849	5246.8
850	5539.3
851	5974.8
852	6083.5
853	6182.5
854	6598.7
855	6846.4
856	6819.0
857	7041.9
858	7438.0
859	7505.3
860	7505.0
861	7856.9
862	8138.4
863	8083.4
864	8183.0
865	8565.3
866	8683.2
867	8588.9
868	8810.3
869	9157.7
870	9149.9
871	9106.9
872	9428.3
873	9669.8
874	9562.0
875	9597.3
876	9956.9
877	10083.6
878	9944.4
879	10078.4
880	10426.9
881	10446.1
882	10316.5
883	10543.3
884	10841.3
885	10770.1
886	10687.1
887	10978.5
888	11192.6
889	11052.1
890	11022.7
891	11348.3
892	11492.9
893	11318.8
894	11348.2
895	11682.9
896	11754.6
897	11589.4
898	11726.8
899	12065.0
900	12053.4
901	11894.8
902	12095.3
903	12375.0
904	12281.6
905	12155.1
906	12415.9
907	12644.9
908	12495.1
909	12389.9
910	12665.3
911	12848.3
912	12680.2
913	12616.1
914	12907.2
915	13043.8
916	12848.7
917	12804.6
918	13106.8
919	13218.9
920	13016.3
921	12992.6
922	13292.7
923	13377.4
924	13159.8
925	13139.2
926	13440.7
927	13520.7
928	13322.6
929	13360.4
930	13683.8
931	13725.9
932	13521.3
933	13594.7
934	13903.6
935	13905.8
936	13702.8
937	13802.4
938	14093.0
939	14049.7
940	13821.2
941	13907.6
942	14197.2
943	14165.0
944	13943.8
945	14027.5
946	14313.3
947	14277.8
948	14040.9
949	14101.2
950	14391.7
951	14380.7
952	14151.2
953	14199.6
954	14490.7
955	14488.1
956	14248.7
957	14273.8
958	14580.1
959	14626.2
960	14440.6
961	14525.7
962	14827.7
963	14808.7
964	14591.2
965	14683.6
966	14977.3
967	14943.6
968	14722.7
969	14807.7
970	15090.4
971	15050.5
972	14811.9
973	14869.0
974	15156.7
975	15141.7
976	14901.8
977	14928.9
978	15216.2
979	15227.9
980	14990.6
981	15001.9
982	15307.1
983	15347.7
984	15115.0
985	15111.3
986	15396.6
987	15434.3
988	15190.5
989	15152.2
990	15441.6
991	15520.2
992	15284.5
993	15203.4
994	15469.1
995	15576.1
996	15350.3
997	15227.8
998	15474.2
999	15636.3
1000	15441.9
1001	15279.2
1002	15487.5
1003	15683.7
1004	15518.1
1005	15317.8
1006	15481.9
1007	15717.8
1008	15593.4
1009	15364.5
1010	15474.8
1011	15736.6
1012	15662.6
1013	15417.6
1014	15474.8
1015	15755.6
1016	15735.2
1017	15486.3
1018	15490.8
1019	15775.7
1020	15812.9
1021	15582.1
1022	15562.0
1023	15849.7
1024	15915.5
1025	15679.4
1026	15607.1
1027	15873.0
1028	15981.3
1029	15758.6
1030	15627.3
1031	15861.0
1032	16027.2
1033	15841.3
1034	15669.8
1035	15861.5
1036	16063.4
1037	15908.4
1038	15703.6
1039	15860.1
1040	16110.8
1041	16005.2
1042	15778.7
1043	15881.3
1044	16146.2
1045	16080.2
1046	15829.0
1047	15862.2
1048	16140.2
1049	16141.9
1050	15900.0
1051	15879.3
1052	16158.1
1053	16217.1
1054	15980.6
1055	15899.9
1056	16156.7
1057	16277.7
1058	16071.3
1059	15948.5
1060	16179.4
1061	16339.3
1062	16144.3
1063	15957.3
1064	16136.2
1065	16356.2
1066	16219.5
1067	15995.5
1068	16108.5
1069	16362.4
1070	16278.7
1071	16025.8
1072	16064.2
1073	16339.6
1074	16333.3
1075	16075.7
1076	16025.2
1077	16288.4
1078	16370.0
1079	16142.0
1080	16026.1
1081	16260.3
1082	16411.4
1083	16219.1
1084	16047.2
1085	16237.2
1086	16444.6
1087	16294.4
1088	16075.6
1089	16196.6
1090	16445.7
1091	16368.5
1092	16144.6
1093	16218.3
1094	16488.0
1095	16453.5
1096	16218.5
1097	16245.1
1098	16529.4
1099	16548.8
1100	16302.9
1101	16249.5
1102	16512.1
1103	16600.1
1104	16375.5
1105	16257.2
1106	16488.4
1107	16639.8
1108	16443.1
1109	16257.3
1110	16435.5
1111	16652.4
1112	16510.7
1113	16279.0
1114	16379.9
1115	16636.7
1116	16568.7
1117	16309.0
1118	16313.4
1119	16588.1
1120	16616.0
1121	16377.1
1122	16335.7
1123	16617.6
1124	16709.0
1125	16479.7
1126	16369.4
1127	16609.2
1128	16749.2
1129	16543.8
1130	16359.3
1131	16535.8
1132	16744.4
1133	16597.3
1134	16361.5
1135	16455.0
1136	16710.9
1137	16645.7
1138	16395.8
1139	16411.2
1140	16682.7
1141	16700.7
1142	16463.5
1143	16414.9
1144	16676.6
1145	16761.4
1146	16533.6
1147	16408.6
1148	16633.9
1149	16792.9
1150	16608.5
1151	16441.2
1152	16625.6
1153	16837.4
1154	16688.6
1155	16450.3
1156	16537.6
1157	16797.0
1158	16743.5
1159	16489.7
1160	16488.7
1161	16757.1
1162	16784.1
1163	16530.6
1164	16437.9
1165	16685.5
1166	16811.3
1167	16603.9
1168	16449.3
1169	16650.7
1170	16839.8
1171	16678.8
1172	16468.4
1173	16603.2
1174	16846.6
1175	16749.4
1176	16519.5
1177	16599.5
1178	16873.3
1179	16831.1
1180	16572.9
1181	16558.7
1182	16828.6
1183	16872.7
1184	16623.9
1185	16506.6
1186	16734.6
1187	16874.6
1188	16677.0
1189	16514.6
1190	16718.5
1191	16939.4
1192	16803.8
1193	16611.8
1194	16755.6
1195	16989.1
1196	16886.2
1197	16664.0
1198	16752.7
1199	17020.6
1200	16974.0
1201	16729.4
1202	16741.9
1203	17014.1
1204	17046.7
1205	16819.8
1206	16768.4
1207	17023.2
1208	17109.2
1209	16884.7
1210	16757.2
1211	16975.6
1212	17136.8
1213	16957.4
1214	16775.6
1215	16947.1
1216	17177.5
1217	17065.0
1218	16862.8
1219	16977.2
1220	17219.5
1221	17138.4
1222	16903.0
1223	16949.9
1224	17220.0
1225	17215.1
1226	16990.4
1227	16991.4
1228	17263.3
1229	17305.5
1230	17068.1
1231	16984.2
1232	17157.8
1233	16984.4
1234	16427.0
1235	15882.0
1236	15400.7
1237	14962.3
1238	14544.2
1239	14123.9
1240	13688.8
1241	13241.4
1242	12795.2
1243	12366.8
1244	11964.8
1245	11588.1
1246	11227.4
1247	10870.4
1248	10508.6
1249	10141.2
1250	9776.5
1251	9423.6
1252	9087.0
1253	8766.5
1254	8456.5
1255	8151.9
1256	7849.2
1257	7546.4
1258	7245.6
1259	6950.8
1260	6664.6
1261	6382.4
1262	6094.7
1263	5800.3
1264	5499.9
1265	5194.7
1266	4889.3
1267	4591.3
1268	4302.2
1269	4025.0
1270	3761.1
1271	3508.1
1272	3265.6
1273	3032.7
1274	2812.1
1275	2604.3
1276	2408.0
1277	2223.4
1278	2050.5
1279	1889.7
1280	1741.4
1281	1604.6
1282	1476.0
1283	1356.1
1284	1245.4
1285	1143.8
1286	1050.1
1287	964.8
1288	887.5
1289	817.3
1290	753.6
1291	696.2
1292	643.7
1293	595.6
1294	553.4
1295	516.0
1296	480.8
1297	447.7
1298	418.7
1299	393.8
1300	371.3
1301	349.7
1302	330.2
1303	312.9
1304	296.7
1305	282.0
1306	268.2
1307	256.4
1308	246.1
1309	236.4
1310	227.6
1311	218.7
1312	211.3
1313	204.7
1314	197.9
1315	191.3
1316	186.0
1317	180.9
1318	176.5
1319	172.5
1320	168.1
1321	164.2
1322	160.9
1323	158.7
1324	156.7
1325	151.9
1326	148.6
1327	146.4
1328	144.7
1329	141.8
1330	138.5
1331	135.7
1332	133.5
1333	131.9
1334	130.3
1335	127.8
1336	124.8
1337	122.4
1338	120.7
1339	118.8
1340	116.9
1341	114.7
1342	113.2
1343	111.7
1344	109.8
1345	107.6
1346	105.9
1347	104.7
1348	102.6
1349	100.5
1350	99.2
1351	98.1
1352	96.5
1353	94.7
1354	92.8
1355	91.1
1356	89.8
1357	88.1
1358	86.7
1359	85.4
1360	84.0
1361	82.3
1362	82.8
1363	82.0
1364	79.5
1365	78.8
1366	76.6
1367	74.7
1368	73.3
1369	71.7
1370	69.6
1371	67.8
1372	66.7
1373	66.2
1374	65.5
1375	64.8
1376	63.7
1377	62.4
1378	62.0
1379	62.3
1380	63.5
1381	63.7
1382	60.7
1383	57.3
1384	54.9
1385	54.0
1386	53.4
1387	51.7
1388	50.6
1389	49.2
1390	48.1
1391	47.1
1392	47.2
1393	46.5
1394	45.5
1395	44.1
1396	43.7
1397	43.9
1398	42.7
1399	40.9
1400	40.1
1401	39.7
1402	38.8
1403	38.2
1404	37.1
1405	36.5
1406	36.0
1407	35.8
1408	35.6
1409	35.2
1410	34.4
1411	33.4
1412	32.7
1413	32.6
1414	33.3
1415	34.4
1416	32.5
1417	31.4
1418	30.6
1419	29.3
1420	28.2
1421	27.8
1422	27.9
1423	28.1
1424	27.9
1425	27.3
1426	26.4
1427	26.0
1428	25.1
1429	24.3
1430	24.1
1431	24.5
1432	24.8
1433	24.9
1434	23.0
1435	22.2
1436	22.5
1437	23.1
1438	22.4
1439	21.7
1440	21.4
1441	21.4
1442	22.1
1443	22.7
1444	22.0
1445	21.0
1446	19.8
1447	20.2
1448	20.3
1449	20.0
1450	18.8
1451	17.4
1452	17.5
1453	17.7
1454	17.5
1455	17.6
1456	17.4
1457	17.4
1458	17.0
1459	16.8
1460	16.0
1461	16.0
1462	15.7
1463	15.2
1464	14.8
1465	14.5
1466	14.4
1467	14.4
1468	14.2
1469	13.8
1470	13.8
1471	13.8
1472	13.9
1473	13.4
1474	13.0
1475	12.4
1476	13.0
1477	15.5
1478	15.6
1479	14.0
1480	12.5
1481	11.6
1482	11.6
1483	11.8
1484	12.1
1485	11.8
1486	12.1
1487	12.1
1488	12.2
1489	11.4
1490	11.0
1491	10.6
1492	10.1
1493	10.7
1494	11.4
1495	12.5
1496	11.0
1497	5.9
1498	2.3
1499	2.5
1500	6.8
1501	14.2
1502	19.0
1503	18.3
1504	15.4
1505	10.4
1506	7.0
1507	2.3
1508	4.1
1509	9.9
1510	12.6
1511	12.5
1512	8.8
1513	6.5
1514	7.0
1515	5.2
1516	6.3
1517	6.2
1518	6.7
1519	7.0
1520	8.4
1521	10.7
1522	8.7
1523	5.1
1524	2.0
1525	3.0
1526	6.9
1527	7.6
1528	6.3
1529	4.8
1530	4.6
1531	5.2
1532	5.1
1533	5.7
1534	4.9
1535	4.0
1536	4.0
1537	7.2
1538	9.2
1539	6.3
1540	2.8
1541	2.7
1542	4.5
1543	5.8
1544	4.7
1545	3.3
1546	3.3
1547	4.8
1548	6.1
1549	5.5
1550	3.6
1551	3.1
1552	4.6
1553	5.1
1554	4.2
1555	3.7
1556	4.0
1557	3.6
1558	3.3
1559	3.3
1560	3.4
1561	3.1
1562	2.7
1563	3.0
1564	3.6
1565	3.3
1566	2.0
1567	1.7
1568	2.2
1569	3.2
1570	3.0
1571	2.4
1572	2.2
1573	2.7
1574	2.9
1575	2.6
1576	2.7
1577	5.2
1578	4.4
1579	2.4
1580	2.3
1581	2.4
1582	2.6
1583	2.5
1584	2.0
1585	1.3
1586	2.0
1587	3.3
1588	3.8
1589	3.8
1590	3.4
1591	2.7
1592	1.8
1593	1.6
1594	2.0
1595	2.3
1596	2.0
1597	1.8
1598	1.7
1599	1.9
1600	1.9
1601	1.9
1602	1.6
1603	1.2
1604	1.2
1605	1.3
1606	1.2
1607	1.4
1608	2.6
1609	3.1
1610	2.3
1611	1.4
1612	1.0
1613	0.9
1614	1.2
1615	1.1
1616	0.9
1617	1.0
1618	1.2
1619	1.3
1620	1.0
1621	0.5
1622	0.9
1623	1.0
1624	0.7
1625	0.3
1626	0.1
1627	-0.1
1628	-0.3
1629	0.2
1630	0.7
1631	1.0
1632	15.8
1633	80.5
1634	211.8
1635	457.7
1636	981.0
1637	1558.6
1638	1857.2
1639	2204.5
1640	2753.9
1641	3070.1
1642	3306.2
1643	3823.6
1644	4230.0
1645	4370.0
1646	4714.2
1647	5162.1
1648	5280.8
1649	5412.8
1650	5858.2
1651	6137.3
1652	6184.9
1653	6492.4
1654	6888.1
1655	6945.8
1656	7027.9
1657	7425.5
1658	7644.5
1659	7608.9
1660	7833.2
1661	8221.9
1662	8277.9
1663	8273.7
1664	8613.5
1665	8872.1
1666	8813.8
1667	8937.0
1668	9324.3
1669	9422.9
1670	9335.8
1671	9568.8
1672	9885.0
1673	9847.2
1674	9802.2
1675	10122.2
1676	10349.0
1677	10241.5
1678	10291.5
1679	10647.5
1680	10758.6
1681	10632.7
1682	10795.6
1683	11124.8
1684	11112.6
1685	10995.1
1686	11234.7
1687	11503.7
1688	11413.3
1689	11341.6
1690	11635.9
1691	11832.8
1692	11697.7
1693	11707.7
1694	12040.1
1695	12154.7
1696	12007.9
1697	12116.0
1698	12444.9
1699	12464.5
1700	12316.0
1701	12496.3
1702	12777.3
1703	12703.4
1704	12568.5
1705	12794.4
1706	13024.9
1707	12893.9
1708	12769.0
1709	13016.2
1710	13221.9
1711	13070.5
1712	12966.8
1713	13234.4
1714	13410.3
1715	13241.7
1716	13165.9
1717	13446.1
1718	13591.7
1719	13411.9
1720	13366.8
1721	13662.3
1722	13783.9
1723	13605.5
1724	13618.5
1725	13931.2
1726	13995.5
1727	13799.9
1728	13850.7
1729	14161.8
1730	14188.8
1731	13981.5
1732	14040.0
1733	14330.1
1734	14327.4
1735	14136.4
1736	14246.6
1737	14544.8
1738	14511.6
1739	14302.7
1740	14406.0
1741	14683.7
1742	14635.2
1743	14427.5
1744	14539.1
1745	14821.3
1746	14775.4
1747	14586.8
1748	14725.6
1749	14996.0
1750	14923.0
1751	14730.1
1752	14871.5
1753	15131.7
1754	15044.7
1755	14842.6
1756	14981.4
1757	15246.9
1758	15167.8
1759	14973.2
1760	15114.9
1761	15377.3
1762	15293.8
1763	15090.7
1764	15218.7
1765	15477.8
1766	15398.9
1767	15187.9
1768	15299.9
1769	15566.3
1770	15502.5
1771	15299.9
1772	15412.1
1773	15685.1
1774	15632.1
1775	15425.9
1776	15526.2
1777	15796.7
1778	15743.1
1779	15527.6
1780	15610.9
1781	15887.0
1782	15849.7
1783	15620.9
1784	15668.9
1785	15941.5
1786	15930.5
1787	15696.8
1788	15703.8
1789	15978.6
1790	16003.8
1791	15767.3
1792	15727.1
1793	15996.6
1794	16070.8
1795	15861.5
1796	15812.9
1797	16084.2
1798	16185.9
1799	15978.9
1800	15898.3
1801	16150.4
1802	16268.2
1803	16064.0
1804	15955.6
1805	16202.9
1806	16356.1
1807	16164.3
1808	16023.9
1809	16240.9
1810	16419.4
1811	16250.1
1812	16078.5
1813	16257.5
1814	16466.4
1815	16322.5
1816	16108.8
1817	16231.9
1818	16473.9
1819	16383.6
1820	16169.0
1821	16260.2
1822	16527.3
1823	16475.6
1824	16237.2
1825	16266.4
1826	16536.7
1827	16541.1
1828	16306.3
1829	16279.0
1830	16546.1
1831	16604.3
1832	16378.3
1833	16311.7
1834	16571.5
1835	16675.0
1836	16469.6
1837	16372.4
1838	16617.9
1839	16761.5
1840	16568.3
1841	16426.1
1842	16633.9
1843	16810.0
1844	16637.3
1845	16444.7
1846	16600.6
1847	16824.6
1848	16697.6
1849	16458.2
1850	16531.2
1851	16788.6
1852	16737.5
1853	16482.9
1854	16476.6
1855	16747.4
1856	16777.7
1857	16534.7
1858	16459.2
1859	16708.7
1860	16810.4
1861	16590.0
1862	16437.5
1863	16639.3
1864	16816.3
1865	16642.7
1866	16437.1
1867	16574.8
1868	16806.3
1869	16701.9
1870	16471.4
1871	16543.6
1872	16809.2
1873	16769.5
1874	16528.5
1875	16540.0
1876	16814.3
1877	16841.9
1878	16613.6
1879	16579.1
1880	16850.2
1881	16930.9
1882	16712.7
1883	16624.7
1884	16868.5
1885	16993.1
1886	16799.9
1887	16692.7
1888	16934.8
1889	17100.6
1890	16917.2
1891	16755.6
1892	16943.1
1893	17138.0
1894	16983.2
1895	16775.0
1896	16900.6
1897	17139.8
1898	17042.3
1899	16794.6
1900	16833.3
1901	17096.8
1902	17083.0
1903	16841.2
1904	16810.3
1905	17073.3
1906	17136.1
1907	16905.2
1908	16799.5
1909	17030.7
1910	17163.3
1911	16976.9
1912	16856.3
1913	17087.8
1914	17276.9
1915	17121.6
1916	16982.3
1917	17184.3
1918	17377.8
1919	17228.2
1920	17051.3
1921	17213.0
1922	17435.6
1923	17308.4
1924	17083.7
1925	17176.6
1926	17429.8
1927	17364.3
1928	17118.4
1929	17130.7
1930	17395.3
1931	17409.0
1932	17164.0
1933	17095.0
1934	17341.6
1935	17432.8
1936	17210.9
1937	17066.1
1938	17267.6
1939	17435.4
1940	17256.9
1941	17046.8
1942	17175.5
1943	17407.3
1944	17305.6
1945	17065.6
1946	17104.1
1947	17363.2
1948	17346.5
1949	17091.2
1950	17027.8
1951	17273.4
1952	17356.9
1953	17130.6
1954	16978.1
1955	17172.1
1956	17344.7
1957	17171.0
1958	16950.2
1959	17058.5
1960	17298.6
1961	17212.9
1962	16960.2
1963	16966.8
1964	17227.3
1965	17241.3
1966	16991.4
1967	16898.4
1968	17137.0
1969	17253.6
1970	17040.7
1971	16868.6
1972	17050.1
1973	17250.1
1974	17097.5
1975	16866.7
1976	16955.5
1977	17203.8
1978	17139.9
1979	16889.0
1980	16880.5
1981	17139.6
1982	17172.2
1983	16928.0
1984	16821.2
1985	17046.7
1986	17181.3
1987	16982.9
1988	16796.9
1989	16955.5
1990	17168.6
1991	17039.3
1992	16807.3
1993	16883.3
1994	17141.3
1995	17099.4
1996	16850.2
1997	16827.1
1998	17087.4
1999	17144.8
2000	16915.2
2001	16810.2
2002	17037.1
2003	17174.5
2004	16981.4
2005	16802.5
2006	16964.5
2007	17171.9
2008	17036.9
2009	16798.8
2010	16862.4
2011	17116.0
2012	17078.9
2013	16829.2
2014	16794.4
2015	17050.1
2016	17113.4
2017	16879.4
2018	16746.7
2019	16955.0
2020	17116.1
2021	16938.8
2022	16734.2
2023	16862.9
2024	17093.3
2025	16994.7
2026	16751.5
2027	16782.9
2028	17044.1
2029	17042.2
2030	16793.9
2031	16721.4
2032	16897.0
2033	16711.4
2034	16143.0
2035	15599.0
2036	15125.0
2037	14694.2
2038	14281.4
2039	13863.9
2040	13430.1
2041	12983.4
2042	12539.0
2043	12115.3
2044	11721.8
2045	11352.8
2046	10995.6
2047	10641.2
2048	10282.0
2049	9918.3
2050	9557.1
2051	9207.7
2052	8875.6
2053	8560.3
2054	8256.5
2055	7956.5
2056	7656.3
2057	7355.9
2058	7058.1
2059	6765.1
2060	6474.2
2061	6180.5
2062	5879.1
2063	5573.7
2064	5266.8
2065	4961.6
2066	4661.2
2067	4367.8
2068	4084.4
2069	3814.3
2070	3558.1
2071	3313.7
2072	3080.7
2073	2858.6
2074	2647.5
2075	2448.6
2076	2261.9
2077	2088.5
2078	1925.9
2079	1773.7
2080	1632.0
2081	1501.4
2082	1382.1
2083	1271.7
2084	1169.7
2085	1075.6
2086	988.8
2087	909.4
2088	837.3
2089	771.9
2090	712.0
2091	658.1
2092	610.2
2093	566.9
2094	527.6
2095	491.8
2096	458.8
2097	429.2
2098	402.7
2099	379.0
2100	357.7
2101	338.0
2102	320.3
2103	304.2
2104	289.4
2105	275.9
2106	265.7
2107	254.0
2108	242.7
2109	233.4
2110	225.0
2111	217.8
2112	211.4
2113	205.1
2114	199.6
2115	194.3
2116	188.5
2117	183.6
2118	179.2
2119	175.5
2120	170.7
2121	166.3
2122	162.7
2123	159.1
2124	156.4
2125	153.7
2126	150.7
2127	147.9
2128	145.0
2129	142.9
2130	140.8
2131	138.2
2132	136.0
2133	133.7
2134	131.5
2135	129.5
2136	127.3
2137	125.6
2138	123.7
2139	121.4
2140	119.6
2141	118.0
2142	115.9
2143	114.0
2144	112.1
2145	110.2
2146	109.2
2147	109.7
2148	106.7
2149	103.7
2150	102.1
2151	100.4
2152	99.2
2153	98.2
2154	96.8
2155	94.3
2156	92.5
2157	90.4
2158	89.1
2159	87.4
2160	86.2
2161	84.4
2162	83.1
2163	82.3
2164	81.9
2165	81.5
2166	79.0
2167	76.3
2168	75.1
2169	73.9
2170	72.5
2171	71.2
2172	70.0
2173	69.5
2174	68.3
2175	66.6
2176	65.8
2177	64.5
2178	63.4
2179	62.4
2180	61.6
2181	60.4
2182	59.4
2183	58.9
2184	59.0
2185	58.0
2186	56.4
2187	55.1
2188	53.8
2189	53.1
2190	52.4
2191	51.5
2192	50.3
2193	49.4
2194	48.7
2195	48.5
2196	47.8
2197	46.8
2198	45.7
2199	45.4
2200	45.0
2201	43.9
2202	42.9
2203	42.2
2204	41.6
2205	41.0
2206	40.1
2207	39.8
2208	39.2
2209	38.8
2210	39.5
2211	39.2
2212	38.6
2213	37.1
2214	36.0
2215	36.0
2216	36.4
2217	36.2
2218	35.2
2219	34.2
2220	33.6
2221	33.6
2222	33.8
2223	33.2
2224	31.4
2225	31.1
2226	31.0
2227	30.2
2228	29.3
2229	29.1
2230	29.1
2231	28.7
2232	28.3
2233	27.8
2234	27.6
2235	27.4
2236	27.0
2237	27.0
2238	28.0
2239	26.8
2240	26.2
2241	26.7
2242	26.6
2243	26.1
2244	25.9
2245	26.0
2246	24.6
2247	23.5
2248	23.1
2249	22.4
2250	21.9
2251	22.3
2252	22.5
2253	23.5
2254	23.2
2255	21.6
2256	21.2
2257	20.7
2258	20.9
2259	20.3
2260	19.7
2261	19.9
2262	19.9
2263	19.7
2264	19.4
2265	19.1
2266	19.1
2267	18.8
2268	19.0
2269	19.7
2270	19.7
2271	19.0
2272	18.3
2273	17.8
2274	17.4
2275	17.5
2276	17.2
2277	16.6
2278	16.5
2279	16.6
2280	16.2
2281	16.2
2282	15.9
2283	16.0
2284	16.0
2285	15.4
2286	15.4
2287	15.2
2288	15.1
2289	14.8
2290	14.6
2291	15.4
2292	16.2
2293	15.7
2294	14.2
2295	14.0
2296	14.1
2297	13.7
2298	13.9
2299	14.3
2300	13.8
2301	13.3
2302	13.2
2303	13.0
2304	13.5
2305	13.6
2306	12.6
2307	12.2
2308	12.0
2309	12.0
2310	12.3
2311	12.4
2312	11.8
2313	11.6
2314	12.1
2315	13.3
2316	12.9
2317	11.9
2318	11.6
2319	11.1
2320	11.4
2321	12.5
2322	12.9
2323	13.2
2324	12.3
2325	11.3
2326	11.2
2327	10.9
2328	10.6
2329	10.4
2330	11.0
2331	10.6
2332	10.3
2333	9.7
2334	9.8
2335	10.5
2336	10.6
2337	10.1
2338	9.8
2339	10.6
2340	10.9
2341	10.2
2342	10.0
2343	10.1
2344	9.6
2345	10.0
2346	10.8
2347	10.8
2348	9.7
2349	9.5
2350	9.3
2351	8.7
2352	8.8
2353	8.8
2354	8.4
2355	8.9
2356	9.1
2357	8.8
2358	8.7
2359	9.0
2360	8.4
2361	8.4
2362	9.0
2363	8.8
2364	8.2
2365	8.2
2366	8.3
2367	8.2
2368	8.1
2369	8.2
2370	7.9
2371	7.9
2372	7.9
2373	8.9
2374	9.3
2375	8.7
2376	8.0
2377	7.8
2378	7.8
2379	7.9
2380	7.7
2381	7.0
2382	7.1
2383	7.4
2384	8.7
2385	9.2
2386	8.2
2387	7.2
2388	7.5
2389	7.8
2390	7.6
2391	6.9
2392	6.7
2393	6.8
2394	6.9
2395	7.2
2396	6.9
2397	6.6
2398	6.1
2399	6.1
2400	6.7
2401	7.5
2402	8.2
2403	8.1
2404	7.6
2405	6.7
2406	6.9
2407	7.0
2408	6.5
2409	6.1
2410	5.7
2411	6.2
2412	7.0
2413	6.3
2414	5.6
2415	5.8
2416	6.5
2417	6.4
2418	5.7
2419	5.3
2420	5.7
2421	6.6
2422	7.2
2423	6.3
2424	6.3
2425	6.6
2426	6.5
2427	6.7
2428	6.1
2429	6.0
2430	5.5
2431	5.6
2432	19.6
2433	80.6
2434	205.1
2435	433.9
2436	929.7
2437	1509.0
2438	1810.6
2439	2098.3
2440	2615.0
2441	2966.4
2442	3153.0
2443	3594.9
2444	4068.7
2445	4232.0
2446	4462.4
2447	4927.5
2448	5151.8
2449	5217.0
2450	5580.5
2451	5970.3
2452	6048.7
2453	6227.4
2454	6659.0
2455	6834.3
2456	6831.5
2457	7138.7
2458	7493.2
2459	7509.1
2460	7584.1
2461	7975.1
2462	8178.2
2463	8116.7
2464	8304.9
2465	8673.2
2466	8718.5
2467	8674.8
2468	8980.0
2469	9264.5
2470	9198.4
2471	9220.8
2472	9572.0
2473	9737.7
2474	9627.4
2475	9755.7
2476	10113.1
2477	10163.8
2478	10057.5
2479	10282.1
2480	10581.0
2481	10523.5
2482	10446.7
2483	10733.0
2484	10961.0
2485	10847.3
2486	10832.6
2487	11155.6
2488	11298.4
2489	11146.4
2490	11203.7
2491	11534.9
2492	11596.2
2493	11421.0
2494	11522.3
2495	11841.9
2496	11849.3
2497	11679.6
2498	11830.9
2499	12129.6
2500	12089.4
2501	11940.7
2502	12143.2
2503	12410.8
2504	12318.0
2505	12180.7
2506	12407.2
2507	12639.0
2508	12516.3
2509	12396.0
2510	12643.7
2511	12854.0
2512	12713.0
2513	12610.5
2514	12869.4
2515	13048.7
2516	12882.5
2517	12786.0
2518	13052.4
2519	13220.2
2520	13047.8
2521	12957.9
2522	13227.4
2523	13385.2
2524	13206.8
2525	13123.4
2526	13393.8
2527	13544.2
2528	13370.0
2529	13301.7
2530	13578.3
2531	13714.0
2532	13519.4
2533	13438.5
2534	13711.1
2535	13851.0
2536	13657.3
2537	13563.6
2538	13824.7
2539	13970.5
2540	13779.3
2541	13671.2
2542	13927.1
2543	14091.7
2544	13917.9
2545	13807.6
2546	14050.5
2547	14216.7
2548	14038.0
2549	13903.0
2550	14136.5
2551	14326.0
2552	14166.7
2553	14038.1
2554	14274.3
2555	14469.4
2556	14309.2
2557	14165.1
2558	14384.7
2559	14585.0
2560	14433.3
2561	14269.6
2562	14461.8
2563	14678.6
2564	14545.2
2565	14373.2
2566	14555.5
2567	14789.6
2568	14671.4
2569	14481.0
2570	14635.8
2571	14885.1
2572	14790.9
2573	14591.7
2574	14718.2
2575	14973.1
2576	14894.2
2577	14662.9
2578	14738.4
2579	15017.1
2580	14990.0
2581	14766.1
2582	14812.4
2583	15089.0
2584	15086.5
2585	14861.9
2586	14877.9
2587	15161.2
2588	15195.5
2589	14967.2
2590	14934.5
2591	15205.5
2592	15279.8
2593	15058.6
2594	14983.7
2595	15242.4
2596	15360.3
2597	15156.8
2598	15038.8
2599	15271.0
2600	15429.2
2601	15242.1
2602	15071.2
2603	15258.0
2604	15465.8
2605	15325.0
2606	15125.1
2607	15264.8
2608	15506.6
2609	15408.3
2610	15178.8
2611	15261.0
2612	15531.6
2613	15495.6
2614	15260.9
2615	15284.9
2616	15560.7
2617	15576.3
2618	15343.2
2619	15319.5
2620	15592.5
2621	15655.9
2622	15437.3
2623	15390.0
2624	15672.7
2625	15782.6
2626	15578.5
2627	15497.0
2628	15753.7
2629	15878.7
2630	15677.3
2631	15550.1
2632	15772.8
2633	15940.5
2634	15765.0
2635	15587.5
2636	15764.6
2637	15978.6
2638	15845.8
2639	15636.0
2640	15757.7
2641	16003.7
2642	15917.3
2643	15676.8
2644	15723.6
2645	15993.5
2646	15986.0
2647	15754.9
2648	15755.0
2649	16031.6
2650	16074.8
2651	15849.2
2652	15797.7
2653	16057.5
2654	16148.5
2655	15926.6
2656	15795.8
2657	16012.4
2658	16174.8
2659	15993.6
2660	15802.2
2661	15960.2
2662	16181.3
2663	16060.7
2664	15842.4
2665	15944.1
2666	16201.9
2667	16142.0
2668	15911.2
2669	15949.9
2670	16218.0
2671	16219.1
2672	15976.4
2673	15930.4
2674	16190.8
2675	16268.3
2676	16042.5
2677	15928.0
2678	16158.9
2679	16308.6
2680	16125.2
2681	15977.0
2682	16182.8
2683	16380.2
2684	16225.1
2685	16021.7
2686	16157.5
2687	16397.8
2688	16301.7
2689	16066.8
2690	16123.9
2691	16387.5
2692	16371.4
2693	16138.1
2694	16134.0
2695	16401.7
2696	16445.1
2697	16217.2
2698	16145.3
2699	16390.6
2700	16499.1
2701	16291.3
2702	16148.1
2703	16350.0
2704	16523.7
2705	16357.3
2706	16158.2
2707	16295.2
2708	16526.9
2709	16428.6
2710	16193.4
2711	16243.6
2712	16501.5
2713	16483.3
2714	16241.7
2715	16207.9
2716	16464.4
2717	16527.5
2718	16297.9
2719	16182.7
2720	16410.2
2721	16558.8
2722	16368.3
2723	16183.1
2724	16342.7
2725	16556.5
2726	16432.9
2727	16206.5
2728	16290.0
2729	16549.0
2730	16505.0
2731	16268.4
2732	16279.0
2733	16545.6
2734	16571.1
2735	16335.8
2736	16276.4
2737	16530.8
2738	16628.0
2739	16409.8
2740	16266.8
2741	16470.2
2742	16643.0
2743	16474.8
2744	16276.7
2745	16416.1
2746	16646.8
2747	16541.3
2748	16299.7
2749	16346.4
2750	16609.6
2751	16598.2
2752	16353.6
2753	16306.2
2754	16556.7
2755	16631.0
2756	16422.5
2757	16352.2
2758	16622.7
2759	16766.9
2760	16576.8
2761	16453.0
2762	16676.1
2763	16845.9
2764	16674.5
2765	16502.4
2766	16676.2
2767	16890.4
2768	16759.3
2769	16548.2
2770	16662.2
2771	16909.9
2772	16832.6
2773	16591.5
2774	16619.8
2775	16884.8
2776	16886.1
2777	16640.1
2778	16581.9
2779	16834.1
2780	16919.9
2781	16718.5
2782	16648.3
2783	16912.7
2784	17049.1
2785	16856.9
2786	16734.3
2787	16954.0
2788	17126.9
2789	16957.7
2790	16778.1
2791	16937.9
2792	17152.0
2793	17024.9
2794	16801.8
2795	16896.5
2796	17153.3
2797	17098.1
2798	16860.3
2799	16882.9
2800	17149.4
2801	17158.4
2802	16918.6
2803	16868.3
2804	17124.4
2805	17213.0
2806	17009.9
2807	16927.5
2808	17174.2
2809	17308.9
2810	17110.7
2811	16954.6
2812	17141.7
2813	17331.8
2814	17183.2
2815	16978.9
2816	17100.2
2817	17335.1
2818	17242.3
2819	17006.2
2820	17047.2
2821	17305.5
2822	17294.3
2823	17052.6
2824	17011.8
2825	17269.5
2826	17343.7
2827	17117.2
2828	16997.4
2829	17217.4
2830	17370.3
2831	17186.2
2832	16912.9
2833	16571.7
2834	16128.7
2835	15716.2
2836	15338.3
2837	14971.6
2838	14598.3
2839	14209.0
2840	13809.9
2841	13415.5
2842	13041.4
2843	12692.2
2844	12362.7
2845	12041.3
2846	11717.7
2847	11388.1
2848	11054.2
2849	10723.3
2850	10403.7
2851	10101.1
2852	9813.9
2853	9536.0
2854	9261.0
2855	8984.8
2856	8706.0
2857	8428.1
2858	8157.7
2859	7896.3
2860	7644.6
2861	7401.5
2862	7164.6
2863	6930.0
2864	6696.6
2865	6464.4
2866	6237.3
2867	6017.3
2868	5806.1
2869	5603.2
2870	5405.6
2871	5211.1
2872	5018.7
2873	4829.4
2874	4643.4
2875	4462.3
2876	4285.7
2877	4108.1
2878	3930.5
2879	3752.4
2880	3572.9
2881	3393.8
2882	3216.5
2883	3042.1
2884	2872.6
2885	2706.6
2886	2545.6
2887	2391.5
2888	2241.3
2889	2094.7
2890	1955.7
2891	1824.4
2892	1702.4
2893	1587.6
2894	1479.0
2895	1376.9
2896	1281.4
2897	1190.8
2898	1104.5
2899	1025.4
2900	953.3
2901	887.3
2902	826.5
2903	770.8
2904	719.8
2905	672.1
2906	627.7
2907	586.9
2908	550.1
2909	517.1
2910	486.6
2911	458.6
2912	433.1
2913	409.9
2914	388.3
2915	368.0
2916	349.2
2917	332.3
2918	317.1
2919	303.5
2920	291.7
2921	280.4
2922	269.3
2923	258.1
2924	248.5
2925	240.1
2926	231.8
2927	223.8
2928	216.9
2929	210.6
2930	204.8
2931	199.2
2932	193.3
2933	188.2
2934	183.5
2935	179.3
2936	175.3
2937	171.9
2938	167.8
2939	164.3
2940	161.1
2941	157.8
2942	154.4
2943	151.5
2944	148.6
2945	145.6
2946	143.2
2947	141.3
2948	139.1
2949	137.0
2950	134.3
2951	131.6
2952	129.6
2953	127.1
2954	124.4
2955	122.1
2956	119.6
2957	117.8
2958	115.7
2959	113.3
2960	111.0
2961	109.3
2962	106.9
2963	105.1
2964	103.6
2965	101.7
2966	99.9
2967	98.3
2968	96.4
2969	94.7
2970	92.9
2971	91.5
2972	89.4
2973	87.5
2974	86.3
2975	85.1
2976	83.8
2977	82.1
2978	81.4
2979	80.7
2980	80.2
2981	79.2
2982	77.1
2983	75.3
2984	74.4
2985	72.5
2986	71.0
2987	69.3
2988	68.9
2989	68.3
2990	66.7
2991	65.1
2992	63.8
2993	62.3
2994	60.7
2995	60.3
2996	59.7
2997	58.5
2998	56.9
2999	56.3
3000	56.4
3001	56.4
3002	54.6
3003	52.8
3004	51.5
3005	51.0
3006	51.0
3007	50.3
3008	48.6
3009	47.6
3010	47.1
3011	46.7
3012	45.8
3013	45.2
3014	44.5
3015	43.2
3016	42.4
3017	42.0
3018	41.9
3019	41.8
3020	41.7
3021	41.0
3022	39.8
3023	39.4
3024	38.5
3025	37.5
3026	36.8
3027	36.2
3028	35.6
3029	35.2
3030	34.7
3031	34.3
3032	33.4
3033	32.8
3034	32.4
3035	32.0
3036	32.0
3037	31.4
3038	30.2
3039	30.3
3040	30.3
3041	29.3
3042	29.1
3043	29.7
3044	29.5
3045	28.0
3046	27.3
3047	27.1
3048	27.1
3049	26.9
3050	26.4
3051	25.7
3052	25.3
3053	26.0
3054	26.4
3055	25.1
3056	23.9
3057	23.2
3058	23.0
3059	22.7
3060	22.1
3061	22.2
3062	22.4
3063	21.8
3064	21.1
3065	20.7
3066	21.1
3067	21.0
3068	20.4
3069	20.1
3070	19.9
3071	20.1
3072	19.9
3073	19.7
3074	20.3
3075	20.3
3076	19.0
3077	18.4
3078	17.8
3079	17.8
3080	17.4
3081	17.2
3082	17.1
3083	16.8
3084	16.4
3085	16.3
3086	16.3
3087	16.0
3088	15.8
3089	15.8
3090	15.5
3091	15.1
3092	15.2
3093	15.6
3094	15.7
3095	15.1
3096	14.6
3097	14.4
3098	14.5
3099	14.7
3100	14.2
3101	13.8
3102	14.2
3103	16.1
3104	15.7
3105	15.0
3106	14.6
3107	14.6
3108	14.3
3109	13.4
3110	12.3
3111	12.0
3112	12.2
3113	12.2
3114	12.1
3115	12.1
3116	11.7
3117	11.1
3118	11.2
3119	11.6
3120	11.3
3121	11.1
3122	10.8
3123	11.1
3124	11.7
3125	11.3
3126	10.8
3127	10.4
3128	10.1
3129	10.6
3130	10.6
3131	10.1
3132	9.4
3133	9.8
3134	11.2
3135	11.8
3136	11.6
3137	10.1
3138	9.5
3139	9.5
3140	9.7
3141	9.8
3142	9.2
3143	9.1
3144	9.4
3145	9.4
3146	9.9
3147	10.2
3148	9.3
3149	9.0
3150	8.6
3151	9.2
3152	9.9
3153	9.6
3154	8.9
3155	8.3
3156	8.3
3157	9.3
3158	9.6
3159	8.7
3160	7.7
3161	8.0
3162	8.9
3163	9.4
3164	9.4
3165	8.3
3166	7.4
3167	7.0
3168	7.2
3169	7.5
3170	8.3
3171	9.4
3172	9.6
3173	9.1
3174	8.9
3175	8.5
3176	7.9
3177	6.9
3178	6.8
3179	7.1
3180	7.5
3181	8.1
3182	7.8
3183	7.5
3184	8.0
3185	7.0
3186	7.0
3187	8.4
3188	8.9
3189	8.1
3190	6.7
3191	6.2
3192	7.6
3193	8.5
3194	7.2
3195	5.0
3196	4.6
3197	6.3
3198	7.9
3199	7.4
3200	6.2
3201	6.0
3202	6.5
3203	6.9
3204	7.2
3205	7.0
3206	6.6
3207	6.6
3208	6.0
3209	5.3
3210	6.2
3211	6.7
3212	6.9
3213	5.9
3214	4.8
3215	4.9
3216	5.6
3217	5.7
3218	5.0
3219	4.6
3220	5.2
3221	5.6
3222	5.6
3223	4.6
3224	4.3
3225	5.4
3226	6.0
3227	6.5
3228	6.0
3229	5.2
3230	5.3
3231	6.0
3232	12.7
3233	111.6
3234	434.4
3235	747.1
3236	1051.3
3237	1580.7
3238	2077.5
3239	2302.3
3240	2649.4
3241	3189.6
3242	3473.5
3243	3681.2
3244	4173.1
3245	4560.1
3246	4654.3
3247	4938.6
3248	5397.6
3249	5553.2
3250	5658.5
3251	6087.6
3252	6404.7
3253	6423.7
3254	6648.9
3255	7074.6
3256	7187.7
3257	7196.9
3258	7550.9
3259	7866.9
3260	7838.8
3261	7944.1
3262	8348.2
3263	8503.8
3264	8418.8
3265	8630.5
3266	9001.5
3267	9024.6
3268	8968.0
3269	9279.6
3270	9566.8
3271	9489.0
3272	9502.9
3273	9866.0
3274	10041.4
3275	9913.1
3276	10014.4
3277	10379.4
3278	10445.8
3279	10298.6
3280	10472.5
3281	10812.4
3282	10800.9
3283	10669.8
3284	10901.4
3285	11191.0
3286	11108.6
3287	10996.3
3288	11271.4
3289	11527.2
3290	11413.9
3291	11352.7
3292	11662.8
3293	11848.9
3294	11683.4
3295	11649.3
3296	11971.5
3297	12121.1
3298	11945.7
3299	11945.3
3300	12267.9
3301	12370.2
3302	12179.4
3303	12212.4
3304	12546.0
3305	12619.8
3306	12421.8
3307	12477.6
3308	12798.5
3309	12834.1
3310	12627.3
3311	12699.9
3312	13017.0
3313	13034.0
3314	12825.8
3315	12911.1
3316	13226.3
3317	13226.9
3318	13016.6
3319	13108.7
3320	13419.1
3321	13417.5
3322	13222.8
3323	13345.9
3324	13656.9
3325	13629.5
3326	13440.4
3327	13583.8
3328	13882.7
3329	13836.9
3330	13662.5
3331	13834.9
3332	14115.2
3333	14034.4
3334	13847.5
3335	14021.3
3336	14291.9
3337	14201.8
3338	14020.5
3339	14201.6
3340	14466.0
3341	14367.3
3342	14181.0
3343	14356.4
3344	14615.2
3345	14512.1
3346	14312.1
3347	14465.0
3348	14728.5
3349	14641.4
3350	14444.7
3351	14595.4
3352	14869.2
3353	14791.7
3354	14590.9
3355	14735.7
3356	15014.0
3357	14946.9
3358	14738.5
3359	14860.6
3360	15139.2
3361	15080.3
3362	14865.1
3363	14967.2
3364	15248.6
3365	15206.8
3366	14974.5
3367	15037.3
3368	15325.5
3369	15315.5
3370	15088.8
3371	15130.2
3372	15423.4
3373	15438.8
3374	15209.2
3375	15219.5
3376	15509.8
3377	15557.3
3378	15327.0
3379	15294.0
3380	15576.1
3381	15659.7
3382	15442.1
3383	15376.7
3384	15640.9
3385	15751.6
3386	15541.0
3387	15426.7
3388	15665.6
3389	15828.2
3390	15642.6
3391	15478.0
3392	15676.8
3393	15882.5
3394	15736.1
3395	15543.1
3396	15701.8
3397	15944.8
3398	15838.0
3399	15620.5
3400	15730.4
3401	15992.4
3402	15928.4
3403	15684.1
3404	15720.3
3405	15998.5
3406	16014.8
3407	15802.4
3408	15819.9
3409	16102.6
3410	16137.7
3411	15901.6
3412	15853.2
3413	16126.8
3414	16226.9
3415	16016.9
3416	15928.3
3417	16174.6
3418	16303.4
3419	16100.9
3420	15968.4
3421	16198.5
3422	16382.0
3423	16210.9
3424	16028.6
3425	16199.9
3426	16420.2
3427	16293.3
3428	16083.7
3429	16205.0
3430	16461.0
3431	16383.7
3432	16137.1
3433	16172.4
3434	16439.8
3435	16436.8
3436	16188.0
3437	16138.1
3438	16396.1
3439	16477.9
3440	16247.4
3441	16112.8
3442	16330.2
3443	16495.5
3444	16315.9
3445	16119.0
3446	16270.3
3447	16501.0
3448	16392.1
3449	16160.7
3450	16245.4
3451	16518.1
3452	16481.6
3453	16244.2
3454	16260.8
3455	16533.2
3456	16554.5
3457	16313.8
3458	16256.7
3459	16517.6
3460	16615.6
3461	16396.3
3462	16264.9
3463	16484.9
3464	16655.3
3465	16482.5
3466	16301.7
3467	16465.5
3468	16684.4
3469	16561.1
3470	16335.2
3471	16421.8
3472	16680.6
3473	16633.9
3474	16391.2
3475	16393.8
3476	16658.3
3477	16688.8
3478	16442.5
3479	16343.2
3480	16580.3
3481	16718.0
3482	16524.7
3483	16362.2
3484	16547.4
3485	16741.9
3486	16590.3
3487	16364.6
3488	16463.6
3489	16718.4
3490	16661.5
3491	16419.5
3492	16429.8
3493	16691.2
3494	16711.6
3495	16469.5
3496	16396.4
3497	16650.8
3498	16767.5
3499	16559.8
3500	16411.9
3501	16612.6
3502	16793.7
3503	16628.8
3504	16418.0
3505	16541.3
3506	16783.8
3507	16699.8
3508	16458.5
3509	16492.8
3510	16760.0
3511	16759.2
3512	16509.6
3513	16445.6
3514	16695.5
3515	16793.8
3516	16574.2
3517	16424.0
3518	16621.7
3519	16803.1
3520	16640.5
3521	16426.6
3522	16543.8
3523	16789.4
3524	16711.4
3525	16467.9
3526	16492.8
3527	16756.8
3528	16766.0
3529	16519.4
3530	16448.9
3531	16700.6
3532	16809.7
3533	16603.1
3534	16470.1
3535	16677.0
3536	16849.3
3537	16676.6
3538	16463.2
3539	16587.1
3540	16832.7
3541	16749.4
3542	16511.8
3543	16558.5
3544	16830.8
3545	16826.7
3546	16581.2
3547	16541.8
3548	16815.1
3549	16910.1
3550	16698.2
3551	16594.0
3552	16820.9
3553	16959.3
3554	16764.2
3555	16584.4
3556	16747.0
3557	16956.2
3558	16828.2
3559	16595.6
3560	16662.8
3561	16915.8
3562	16879.6
3563	16629.4
3564	16590.9
3565	16841.9
3566	16912.3
3567	16682.9
3568	16553.2
3569	16768.8
3570	16933.0
3571	16756.0
3572	16552.8
3573	16689.6
3574	16928.5
3575	16837.4
3576	16606.5
3577	16657.3
3578	16917.4
3579	16905.9
3580	16671.2
3581	16642.1
3582	16898.8
3583	16966.3
3584	16741.9
3585	16634.6
3586	16868.3
3587	17016.6
3588	16824.1
3589	16636.1
3590	16793.8
3591	17013.4
3592	16895.5
3593	16688.0
3594	16794.1
3595	17059.7
3596	17020.6
3597	16810.6
3598	16862.7
3599	17124.9
3600	17119.4
3601	16883.9
3602	16847.6
3603	17105.5
3604	17186.4
3605	16972.7
3606	16877.1
3607	17112.1
3608	17260.5
3609	17087.7
3610	16950.0
3611	17139.6
3612	17323.1
3613	17171.5
3614	16965.3
3615	17078.5
3616	17315.5
3617	17234.6
3618	16992.3
3619	17014.7
3620	17274.9
3621	17286.5
3622	17045.1
3623	16970.4
3624	17208.0
3625	17315.6
3626	17103.5
3627	16938.2
3628	17117.0
3629	17313.5
3630	17169.3
3631	16943.6
3632	16940.4
3633	16779.6
3634	16327.0
3635	15857.4
3636	15425.4
3637	15020.6
3638	14626.9
3639	14229.6
3640	13822.3
3641	13410.8
3642	13006.7
3643	12618.0
3644	12248.1
3645	11895.4
3646	11552.1
3647	11209.2
3648	10864.1
3649	10517.4
3650	10175.2
3651	9844.5
3652	9527.5
3653	9223.2
3654	8927.9
3655	8636.2
3656	8343.9
3657	8050.6
3658	7760.8
3659	7478.3
3660	7205.7
3661	6943.1
3662	6688.8
3663	6440.1
3664	6194.0
3665	5950.2
3666	5709.2
3667	5473.9
3668	5240.0
3669	5002.6
3670	4763.9
3671	4524.4
3672	4285.0
3673	4045.9
3674	3808.7
3675	3576.0
3676	3349.5
3677	3131.5
3678	2923.5
3679	2724.9
3680	2536.0
3681	2356.1
3682	2183.9
3683	2020.7
3684	1868.5
3685	1728.4
3686	1598.4
3687	1476.6
3688	1363.4
3689	1258.8
3690	1160.8
3691	1069.5
3692	986.0
3693	909.9
3694	841.1
3695	778.2
3696	721.3
3697	670.2
3698	623.3
3699	580.1
3700	540.5
3701	504.3
3702	471.8
3703	443.1
3704	416.8
3705	392.8
3706	371.4
3707	351.7
3708	333.6
3709	318.9
3710	304.7
3711	291.6
3712	279.0
3713	268.0
3714	257.1
3715	247.2
3716	238.8
3717	230.8
3718	223.2
3719	214.9
3720	206.8
3721	200.0
3722	194.4
3723	189.2
3724	184.7
3725	180.2
3726	175.7
3727	171.4
3728	167.8
3729	164.6
3730	161.3
3731	157.5
3732	155.2
3733	153.3
3734	150.4
3735	146.8
3736	144.0
3737	142.0
3738	138.8
3739	136.6
3740	135.4
3741	133.1
3742	130.6
3743	128.4
3744	126.0
3745	123.6
3746	122.1
3747	120.7
3748	118.7
3749	116.3
3750	114.0
3751	112.2
3752	110.7
3753	108.4
3754	106.2
3755	104.3
3756	102.6
3757	100.9
3758	99.5
3759	97.9
3760	96.4
3761	94.5
3762	92.8
3763	91.3
3764	89.5
3765	88.6
3766	86.7
3767	84.6
3768	83.4
3769	82.3
3770	81.3
3771	80.9
3772	79.9
3773	78.3
3774	76.0
3775	74.7
3776	73.2
3777	71.5
3778	70.2
3779	68.8
3780	67.7
3781	67.0
3782	66.3
3783	64.8
3784	63.8
3785	63.9
3786	63.4
3787	62.4
3788	61.1
3789	59.0
3790	57.8
3791	56.4
3792	55.6
3793	54.7
3794	53.7
3795	52.6
3796	52.0
3797	51.2
3798	51.1
3799	50.0
3800	49.1
3801	48.1
3802	48.4
3803	47.8
3804	45.8
3805	44.4
3806	43.3
3807	42.7
3808	42.5
3809	41.8
3810	40.7
3811	39.9
3812	39.5
3813	38.9
3814	38.6
3815	37.9
3816	37.2
3817	36.7
3818	36.1
3819	35.8
3820	35.4
3821	34.7
3822	34.1
3823	33.5
3824	33.0
3825	32.1
3826	32.0
3827	31.9
3828	31.3
3829	30.7
3830	32.1
3831	33.2
3832	31.2
3833	30.6
3834	30.3
3835	28.8
3836	28.1
3837	28.7
3838	28.7
3839	28.0
3840	27.0
3841	26.5
3842	25.7
3843	24.8
3844	24.7
3845	24.7
3846	23.9
3847	23.3
3848	23.3
3849	23.3
3850	22.8
3851	22.5
3852	22.1
3853	21.7
3854	21.0
3855	20.6
3856	20.5
3857	20.4
3858	20.3
3859	19.7
3860	19.9
3861	19.8
3862	19.8
3863	19.2
3864	18.6
3865	19.2
3866	20.7
3867	21.2
3868	21.1
3869	20.9
3870	21.4
3871	21.5
3872	21.2
3873	21.4
3874	20.7
3875	18.9
3876	18.1
3877	16.6
3878	15.6
3879	15.9
3880	15.6
3881	15.7
3882	15.9
3883	15.1
3884	14.7
3885	14.7
3886	14.3
3887	13.8
3888	14.0
3889	15.4
3890	15.8
3891	14.4
3892	13.0
3893	12.6
3894	12.4
3895	12.6
3896	12.6
3897	12.7
3898	12.5
3899	12.0
3900	11.6
3901	11.4
3902	12.2
3903	13.4
3904	12.7
3905	11.3
3906	10.2
3907	10.2
3908	11.3
3909	11.7
3910	11.8
3911	10.9
3912	9.7
3913	9.1
3914	9.0
3915	9.4
3916	10.4
3917	11.6
3918	11.5
3919	10.5
3920	9.9
3921	9.0
3922	9.4
3923	10.6
3924	10.5
3925	10.0
3926	9.7
3927	9.6
3928	9.5
3929	8.9
3930	8.2
3931	8.5
3932	9.5
3933	9.7
3934	9.5
3935	9.0
3936	8.4
3937	8.2
3938	8.3
3939	9.2
3940	8.9
3941	9.1
3942	9.7
3943	9.7
3944	9.3
3945	8.4
3946	8.4
3947	8.8
3948	8.5
3949	7.2
3950	6.9
3951	6.9
3952	7.1
3953	7.3
3954	7.1
3955	6.5
3956	6.5
3957	6.9
3958	7.2
3959	7.6
3960	6.7
3961	5.6
3962	5.4
3963	5.9
3964	