-80.7
1281	-81.3
1282	-81.2
1283	-80.8
1284	-79.8
1285	-80.4
1286	-81.7
1287	-82.3
1288	-79.3
1289	-78.1
1290	-79.5
1291	-79.0
1292	-79.1
1293	-80.4
1294	-81.0
1295	-80.8
1296	-80.2
1297	-80.3
1298	-80.1
1299	-80.5
1300	-80.6
1301	-80.4
1302	-80.0
1303	-79.6
1304	-80.7
1305	-82.1
1306	-82.1
1307	-81.0
1308	-80.2
1309	-80.6
1310	-81.5
1311	-81.1
1312	-79.6
1313	-79.0
1314	-80.0
1315	-80.6
1316	-80.7
1317	-81.2
1318	-80.9
1319	-81.1
1320	-80.9
1321	-81.4
1322	-81.1
1323	-80.5
1324	-80.6
1325	-81.0
1326	-81.7
1327	-81.8
1328	-81.5
1329	-80.6
1330	-81.2
1331	-82.1
1332	-82.5
1333	-82.1
1334	-80.7
1335	-79.4
1336	-79.9
1337	-81.4
1338	-82.0
1339	-81.9
1340	-80.4
1341	-78.8
1342	-80.6
1343	-81.3
1344	-81.3
1345	-81.1
1346	-81.1
1347	-81.5
1348	-81.8
1349	-81.7
1350	-81.3
1351	-80.7
1352	-81.2
1353	-81.4
1354	-81.3
1355	-80.8
1356	-80.9
1357	-81.4
1358	-81.4
1359	-81.0
1360	-80.8
1361	-81.1
1362	-81.8
1363	-82.4
1364	-81.3
1365	-79.5
1366	-79.0
1367	-79.7
1368	-81.2
1369	-82.4
1370	-82.4
1371	-82.1
1372	-81.7
1373	-81.1
1374	-80.9
1375	-81.1
1376	-81.5
1377	-81.4
1378	-81.7
1379	-81.9
1380	-81.9
1381	-81.2
1382	-81.0
1383	-81.5
1384	-81.4
1385	-81.9
1386	-82.5
1387	-81.3
1388	-80.7
1389	-81.4
1390	-81.6
1391	-81.6
1392	-79.9
1393	-77.6
1394	-79.8
1395	-81.9
1396	-82.1
1397	-81.1
1398	-79.9
1399	-80.1
1400	-80.5
1401	-81.9
1402	-82.6
1403	-82.0
1404	-82.0
1405	-81.9
1406	-81.7
1407	-81.0
1408	-80.5
1409	-80.5
1410	-81.0
1411	-81.5
1412	-81.3
1413	-80.5
1414	-80.9
1415	-81.6
1416	-81.1
1417	-80.2
1418	-78.9
1419	-78.5
1420	-79.8
1421	-81.6
1422	-81.9
1423	-81.0
1424	-80.6
1425	-80.7
1426	-81.8
1427	-82.1
1428	-81.2
1429	-80.5
1430	-80.5
1431	-80.8
1432	-81.8
1433	-82.1
1434	-82.0
1435	-81.5
1436	-80.8
1437	-80.4
1438	-80.5
1439	-81.2
1440	-81.7
1441	-82.0
1442	-81.4
1443	-80.9
1444	-81.4
1445	-81.9
1446	-80.9
1447	-79.2
1448	-80.5
1449	-81.0
1450	-81.2
1451	-81.2
1452	-80.7
1453	-80.8
1454	-80.7
1455	-81.4
1456	-82.6
1457	-83.0
1458	-82.1
1459	-80.8
1460	-80.5
1461	-81.2
1462	-82.5
1463	-82.9
1464	-81.8
1465	-81.2
1466	-81.2
1467	-81.6
1468	-81.1
1469	-80.4
1470	-80.3
1471	-80.6
1472	-79.8
1473	-79.4
1474	-80.2
1475	-81.0
1476	-81.2
1477	-81.5
1478	-81.2
1479	-81.1
1480	-80.9
1481	-80.9
1482	-81.3
1483	-81.2
1484	-81.6
1485	-82.5
1486	-83.0
1487	-82.1
1488	-80.5
1489	-79.9
1490	-79.7
1491	-80.2
1492	-80.9
1493	-81.6
1494	-81.5
1495	-81.5
1496	-81.4
1497	-81.7
1498	-81.5
1499	-80.8
1500	-80.8
1501	-81.7
1502	-82.2
1503	-81.6
1504	-81.5
1505	-81.2
1506	-81.1
1507	-81.4
1508	-81.6
1509	-81.2
1510	-81.6
1511	-82.5
1512	-81.6
1513	-80.6
1514	-80.9
1515	-81.9
1516	-82.6
1517	-82.7
1518	-81.7
1519	-79.0
1520	-77.8
1521	-79.5
1522	-78.6
1523	-77.6
1524	-77.1
1525	-76.6
1526	-77.1
1527	-77.8
1528	-78.7
1529	-79.2
1530	-80.3
1531	-80.7
1532	-80.2
1533	-80.8
1534	-81.2
1535	-81.1
1536	-81.1
1537	-81.2
1538	-81.6
1539	-81.1
1540	-80.9
1541	-81.2
1542	-81.5
1543	-82.5
1544	-82.3
1545	-81.3
1546	-80.9
1547	-81.1
1548	-82.2
1549	-82.7
1550	-82.0
1551	-80.4
1552	-80.3
1553	-81.3
1554	-82.7
1555	-83.1
1556	-81.5
1557	-78.6
1558	-79.4
1559	-81.0
1560	-80.5
1561	-80.7
1562	-81.5
1563	-82.1
1564	-81.8
1565	-81.4
1566	-80.9
1567	-81.2
1568	-82.2
1569	-81.8
1570	-81.6
1571	-82.0
1572	-81.7
1573	-80.5
1574	-80.3
1575	-81.2
1576	-81.8
1577	-81.8
1578	-81.6
1579	-81.8
1580	-82.7
1581	-82.4
1582	-81.4
1583	-81.1
1584	-81.2
1585	-81.6
1586	-81.8
1587	-82.2
1588	-82.5
1589	-82.3
1590	-82.3
1591	-82.2
1592	-81.8
1593	-80.8
1594	-80.3
1595	-81.0
1596	-82.3
1597	-82.8
1598	-82.4
1599	-81.5
1600	-80.6
1601	-79.7
1602	-79.6
1603	-81.6
1604	-83.3
1605	-82.5
1606	-81.3
1607	-81.2
1608	-81.8
1609	-82.4
1610	-82.0
1611	-81.3
1612	-82.0
1613	-83.0
1614	-83.4
1615	-83.0
1616	-81.5
1617	-80.8
1618	-80.9
1619	-82.0
1620	-83.3
1621	-83.4
1622	-82.6
1623	-81.3
1624	-80.8
1625	-80.8
1626	-81.3
1627	-82.3
1628	-82.3
1629	-81.4
1630	-81.4
1631	-82.0
1632	-75.2
1633	15.9
1634	283.6
1635	543.6
1636	889.0
1637	1468.5
1638	1880.0
1639	2113.9
1640	2592.5
1641	3026.9
1642	3226.7
1643	3654.5
1644	4133.7
1645	4292.7
1646	4584.9
1647	5054.6
1648	5208.1
1649	5364.1
1650	5819.8
1651	6060.6
1652	6137.2
1653	6527.4
1654	6853.7
1655	6863.0
1656	7094.8
1657	7489.0
1658	7541.0
1659	7617.5
1660	8022.9
1661	8216.1
1662	8191.7
1663	8482.5
1664	8800.8
1665	8763.6
1666	8859.9
1667	9236.7
1668	9332.8
1669	9276.1
1670	9569.4
1671	9850.0
1672	9771.4
1673	9848.8
1674	10210.4
1675	10282.0
1676	10195.0
1677	10460.0
1678	10734.1
1679	10642.0
1680	10670.8
1681	11015.3
1682	11108.7
1683	10980.1
1684	11175.5
1685	11476.4
1686	11410.2
1687	11365.2
1688	11675.4
1689	11837.6
1690	11694.1
1691	11791.3
1692	12113.6
1693	12108.0
1694	11982.5
1695	12214.8
1696	12461.3
1697	12340.2
1698	12309.7
1699	12618.1
1700	12733.3
1701	12571.4
1702	12677.0
1703	12990.1
1704	12964.8
1705	12831.1
1706	13051.5
1707	13282.3
1708	13152.8
1709	13109.2
1710	13403.7
1711	13516.3
1712	13333.8
1713	13390.9
1714	13694.0
1715	13688.8
1716	13515.2
1717	13675.8
1718	13941.9
1719	13845.8
1720	13734.4
1721	13980.7
1722	14158.9
1723	13993.3
1724	13971.9
1725	14269.8
1726	14345.5
1727	14150.9
1728	14214.9
1729	14505.7
1730	14482.4
1731	14306.1
1732	14458.4
1733	14713.4
1734	14612.5
1735	14475.2
1736	14689.2
1737	14883.2
1738	14726.7
1739	14648.6
1740	14904.7
1741	15024.9
1742	14833.1
1743	14822.9
1744	15107.8
1745	15156.3
1746	14953.7
1747	15005.6
1748	15282.1
1749	15258.4
1750	15069.8
1751	15191.5
1752	15448.2
1753	15359.3
1754	15189.8
1755	15363.0
1756	15586.0
1757	15452.8
1758	15322.3
1759	15534.5
1760	15708.0
1761	15538.9
1762	15450.2
1763	15697.5
1764	15823.7
1765	15629.2
1766	15584.3
1767	15847.8
1768	15921.2
1769	15719.9
1770	15728.6
1771	15998.7
1772	16015.2
1773	15810.4
1774	15866.3
1775	16136.0
1776	16106.2
1777	15909.8
1778	16008.5
1779	16260.2
1780	16187.0
1781	16004.4
1782	16142.3
1783	16376.1
1784	16265.8
1785	16105.2
1786	16276.8
1787	16481.4
1788	16338.9
1789	16200.6
1790	16395.1
1791	16569.9
1792	16403.7
1793	16285.3
1794	16497.4
1795	16644.5
1796	16458.8
1797	16354.4
1798	16575.5
1799	16705.6
1800	16515.9
1801	16434.7
1802	16671.1
1803	16775.9
1804	16567.1
1805	16490.4
1806	16726.3
1807	16821.3
1808	16616.4
1809	16559.7
1810	16807.1
1811	16886.4
1812	16673.5
1813	16632.0
1814	16882.5
1815	16942.2
1816	16732.1
1817	16714.0
1818	16970.9
1819	17014.2
1820	16808.7
1821	16812.2
1822	17067.9
1823	17081.1
1824	16867.2
1825	16884.4
1826	17139.3
1827	17137.6
1828	16922.2
1829	16946.8
1830	17199.8
1831	17191.1
1832	16984.7
1833	17025.7
1834	17275.3
1835	17247.0
1836	17029.5
1837	17070.2
1838	17322.2
1839	17296.3
1840	17089.6
1841	17142.6
1842	17386.7
1843	17342.6
1844	17131.4
1845	17192.0
1846	17442.1
1847	17398.8
1848	17196.9
1849	17268.1
1850	17511.8
1851	17451.9
1852	17246.1
1853	17323.6
1854	17570.4
1855	17508.0
1856	17305.2
1857	17383.1
1858	17618.4
1859	17547.1
1860	17344.5
1861	17426.2
1862	17663.6
1863	17594.9
1864	17392.9
1865	17472.5
1866	17709.7
1867	17642.4
1868	17444.7
1869	17528.6
1870	17760.8
1871	17690.3
1872	17489.1
1873	17569.6
1874	17808.3
1875	17742.7
1876	17542.6
1877	17619.6
1878	17853.7
1879	17787.6
1880	17588.8
1881	17667.1
1882	17903.9
1883	17837.3
1884	17632.8
1885	17701.5
1886	17935.4
1887	17871.3
1888	17664.4
1889	17728.6
1890	17968.5
1891	17914.2
1892	17701.8
1893	17751.8
1894	17988.8
1895	17943.5
1896	17729.1
1897	17770.7
1898	18014.0
1899	17984.4
1900	17770.3
1901	17797.9
1902	18035.8
1903	18015.5
1904	17800.2
1905	17816.9
1906	18058.4
1907	18054.0
1908	17839.9
1909	17843.1
1910	18082.8
1911	18091.2
1912	17879.2
1913	17875.5
1914	18117.5
1915	18137.5
1916	17926.7
1917	17918.0
1918	18158.3
1919	18189.0
1920	17989.4
1921	17985.8
1922	18223.3
1923	18244.6
1924	18032.6
1925	18011.6
1926	18245.8
1927	18282.2
1928	18068.2
1929	18031.0
1930	18263.9
1931	18317.5
1932	18106.9
1933	18053.8
1934	18279.2
1935	18347.7
1936	18142.4
1937	18085.9
1938	18313.1
1939	18393.4
1940	18190.1
1941	18113.2
1942	18326.8
1943	18420.4
1944	18220.2
1945	18132.7
1946	18343.2
1947	18454.6
1948	18259.7
1949	18149.3
1950	18341.6
1951	18470.7
1952	18285.9
1953	18159.2
1954	18337.8
1955	18487.7
1956	18316.1
1957	18171.1
1958	18336.2
1959	18508.0
1960	18354.1
1961	18196.9
1962	18342.3
1963	18526.2
1964	18388.9
1965	18219.9
1966	18348.5
1967	18545.2
1968	18420.4
1969	18234.2
1970	18339.7
1971	18552.7
1972	18460.4
1973	18277.3
1974	18372.0
1975	18590.4
1976	18505.7
1977	18311.0
1978	18388.4
1979	18614.2
1980	18546.8
1981	18347.3
1982	18413.2
1983	18647.2
1984	18595.8
1985	18394.6
1986	18447.6
1987	18681.6
1988	18642.6
1989	18450.5
1990	18511.6
1991	18754.8
1992	18722.5
1993	18529.2
1994	18580.9
1995	18814.0
1996	18776.5
1997	18574.8
1998	18613.5
1999	18846.2
2000	18822.6
2001	18622.7
2002	18653.6
2003	18888.9
2004	18872.4
2005	18665.1
2006	18679.4
2007	18914.9
2008	18918.1
2009	18713.2
2010	18711.0
2011	18939.8
2012	18957.8
2013	18755.8
2014	18740.5
2015	18969.0
2016	19003.9
2017	18798.7
2018	18765.1
2019	18991.0
2020	19042.5
2021	18842.3
2022	18806.9
2023	19037.1
2024	19102.2
2025	18904.8
2026	18848.9
2027	19066.0
2028	19142.7
2029	18947.3
2030	18881.7
2031	19097.8
2032	19190.2
2033	19000.9
2034	18926.0
2035	19134.1
2036	19235.7
2037	19048.3
2038	18961.5
2039	19166.2
2040	19282.7
2041	19100.7
2042	19000.9
2043	19196.2
2044	19325.4
2045	19153.2
2046	19047.7
2047	19236.6
2048	19372.3
2049	19199.8
2050	19078.2
2051	19253.9
2052	19402.2
2053	19236.6
2054	19096.8
2055	19250.6
2056	19416.2
2057	19266.4
2058	19108.9
2059	19242.5
2060	19426.5
2061	19294.9
2062	19119.6
2063	19228.6
2064	19429.0
2065	19323.4
2066	19134.5
2067	19213.7
2068	19424.9
2069	19346.2
2070	19145.0
2071	19196.0
2072	19418.0
2073	19369.0
2074	19154.0
2075	19166.8
2076	19392.9
2077	19387.5
2078	19173.7
2079	19151.3
2080	19370.2
2081	19402.0
2082	19192.2
2083	19138.1
2084	19349.8
2085	19416.7
2086	19212.1
2087	19127.4
2088	19324.3
2089	19426.2
2090	19235.2
2091	19120.7
2092	19300.0
2093	19436.9
2094	19267.3
2095	19147.1
2096	19324.0
2097	19483.1
2098	19329.1
2099	19200.6
2100	19360.5
2101	19525.9
2102	19377.6
2103	19223.8
2104	19357.1
2105	19538.4
2106	19408.3
2107	19233.7
2108	19339.5
2109	19539.7
2110	19434.4
2111	19242.7
2112	19320.5
2113	19538.0
2114	19466.5
2115	19264.7
2116	19306.7
2117	19526.4
2118	19484.6
2119	19269.6
2120	19270.5
2121	19492.0
2122	19496.8
2123	19284.4
2124	19252.9
2125	19469.2
2126	19511.2
2127	19301.6
2128	19232.5
2129	19438.2
2130	19526.6
2131	19335.8
2132	19249.1
2133	19449.3
2134	19563.4
2135	19380.8
2136	19275.5
2137	19464.5
2138	19602.0
2139	19432.9
2140	19311.7
2141	19480.4
2142	19628.9
2143	19462.3
2144	19309.1
2145	19452.1
2146	19630.4
2147	19493.4
2148	19324.7
2149	19438.9
2150	19635.8
2151	19525.1
2152	19337.8
2153	19421.5
2154	19633.7
2155	19551.7
2156	19350.2
2157	19399.3
2158	19619.7
2159	19572.9
2160	19367.7
2161	19388.8
2162	19615.1
2163	19604.1
2164	19391.4
2165	19372.5
2166	19591.8
2167	19621.7
2168	19418.1
2169	19378.4
2170	19595.6
2171	19659.5
2172	19459.3
2173	19385.7
2174	19587.0
2175	19681.7
2176	19493.7
2177	19403.7
2178	19596.7
2179	19719.2
2180	19540.9
2181	19416.5
2182	19582.2
2183	19731.2
2184	19568.3
2185	19415.6
2186	19549.5
2187	19725.7
2188	19593.2
2189	19418.2
2190	19526.0
2191	19727.2
2192	19620.4
2193	19422.7
2194	19487.8
2195	19703.2
2196	19640.7
2197	19435.3
2198	19463.5
2199	19684.2
2200	19659.9
2201	19449.8
2202	19444.7
2203	19669.4
2204	19688.3
2205	19479.0
2206	19433.2
2207	19643.2
2208	19701.9
2209	19499.8
2210	19422.0
2211	19620.0
2212	19717.9
2213	19526.6
2214	19416.0
2215	19591.6
2216	19724.6
2217	19552.8
2218	19412.4
2219	19558.3
2220	19722.4
2221	19577.9
2222	19427.9
2223	19572.3
2224	19772.0
2225	19661.3
2226	19512.6
2227	19645.6
2228	19845.1
2229	19741.9
2230	19591.8
2231	19712.9
2232	19909.6
2233	19803.5
2234	19631.0
2235	19720.2
2236	19924.3
2237	19838.4
2238	19649.0
2239	19713.0
2240	19929.8
2241	19870.5
2242	19670.1
2243	19706.1
2244	19931.1
2245	19909.9
2246	19707.4
2247	19712.2
2248	19934.9
2249	19943.3
2250	19744.6
2251	19734.1
2252	19960.7
2253	19996.3
2254	19795.2
2255	19751.2
2256	19960.0
2257	20018.2
2258	19817.3
2259	19743.8
2260	19942.9
2261	20040.0
2262	19850.7
2263	19738.0
2264	19909.4
2265	20041.8
2266	19870.1
2267	19722.2
2268	19859.5
2269	20031.0
2270	19893.9
2271	19724.0
2272	19827.7
2273	20021.7
2274	19917.2
2275	19722.0
2276	19782.6
2277	19993.9
2278	19935.3
2279	19731.0
2280	19750.7
2281	19967.9
2282	19951.2
2283	19740.1
2284	19717.2
2285	19930.0
2286	19962.2
2287	19753.2
2288	19683.7
2289	19879.8
2290	19965.1
2291	19767.7
2292	19657.3
2293	19833.3
2294	19964.0
2295	19790.9
2296	19649.0
2297	19789.5
2298	19953.3
2299	19811.1
2300	19642.3
2301	19749.3
2302	19945.8
2303	19840.1
2304	19645.8
2305	19711.7
2306	19926.6
2307	19865.4
2308	19662.3
2309	19682.3
2310	19896.2
2311	19877.7
2312	19665.4
2313	19641.2
2314	19856.4
2315	19892.5
2316	19685.1
2317	19620.2
2318	19822.8
2319	19910.7
2320	19725.7
2321	19636.1
2322	19826.2
2323	19945.1
2324	19768.4
2325	19645.7
2326	19805.0
2327	19953.5
2328	19794.6
2329	19639.6
2330	19763.9
2331	19944.2
2332	19820.5
2333	19640.2
2334	19725.8
2335	19930.3
2336	19847.4
2337	19654.7
2338	19699.9
2339	19914.2
2340	19872.9
2341	19667.4
2342	19674.2
2343	19893.7
2344	19896.9
2345	19687.3
2346	19648.8
2347	19859.9
2348	19913.6
2349	19714.1
2350	19643.9
2351	19841.8
2352	19934.3
2353	19741.0
2354	19629.1
2355	19806.4
2356	19946.0
2357	19780.4
2358	19637.7
2359	19777.6
2360	19945.0
2361	19805.4
2362	19637.3
2363	19744.6
2364	19940.3
2365	19840.8
2366	19656.8
2367	19725.0
2368	19934.1
2369	19865.4
2370	19658.0
2371	19682.2
2372	19904.8
2373	19889.0
2374	19679.2
2375	19657.1
2376	19867.4
2377	19896.8
2378	19689.8
2379	19627.1
2380	19827.7
2381	19908.5
2382	19712.0
2383	19604.1
2384	19774.9
2385	19900.3
2386	19724.0
2387	19575.3
2388	19715.0
2389	19892.2
2390	19760.8
2391	19586.9
2392	19681.9
2393	19878.0
2394	19780.0
2395	19584.3
2396	19637.1
2397	19850.8
2398	19803.6
2399	19591.7
2400	19588.3
2401	19803.1
2402	19808.3
2403	19595.7
2404	19546.2
2405	19750.3
2406	19815.7
2407	19616.0
2408	19522.2
2409	19705.6
2410	19818.7
2411	19633.1
2412	19493.9
2413	19641.2
2414	19801.7
2415	19656.2
2416	19492.3
2417	19605.4
2418	19796.4
2419	19685.3
2420	19496.0
2421	19566.4
2422	19777.5
2423	19707.2
2424	19497.5
2425	19516.1
2426	19734.3
2427	19721.7
2428	19508.6
2429	19479.7
2430	19693.7
2431	19732.9
2432	19434.4
2433	18874.8
2434	18292.3
2435	17797.5
2436	17356.2
2437	16933.3
2438	16500.5
2439	16041.4
2440	15565.9
2441	15096.7
2442	14653.1
2443	14244.0
2444	13862.9
2445	13494.0
2446	13121.6
2447	12737.6
2448	12346.7
2449	11960.6
2450	11589.5
2451	11236.7
2452	10901.6
2453	10578.3
2454	10259.9
2455	9939.6
2456	9615.2
2457	9293.2
2458	8979.4
2459	8678.6
2460	8390.3
2461	8112.0
2462	7839.5
2463	7568.6
2464	7297.9
2465	7028.3
2466	6758.4
2467	6481.5
2468	6197.6
2469	5910.1
2470	5622.0
2471	5335.2
2472	5052.9
2473	4777.5
2474	4509.7
2475	4249.8
2476	3999.0
2477	3759.4
2478	3532.4
2479	3317.0
2480	3111.1
2481	2914.9
2482	2727.4
2483	2547.8
2484	2376.1
2485	2214.2
2486	2062.4
2487	1920.1
2488	1786.2
2489	1660.0
2490	1541.7
2491	1431.6
2492	1329.0
2493	1231.6
2494	1139.5
2495	1055.6
2496	978.8
2497	909.4
2498	846.1
2499	785.4
2500	726.6
2501	673.8
2502	625.8
2503	582.4
2504	542.8
2505	506.0
2506	472.5
2507	442.0
2508	413.9
2509	388.1
2510	364.8
2511	342.6
2512	322.7
2513	305.1
2514	289.1
2515	274.1
2516	259.7
2517	247.0
2518	234.0
2519	222.1
2520	211.4
2521	202.4
2522	194.2
2523	186.5
2524	178.2
2525	169.6
2526	162.6
2527	156.8
2528	151.1
2529	145.3
2530	139.4
2531	133.3
2532	128.7
2533	124.2
2534	119.6
2535	115.6
2536	111.9
2537	107.6
2538	103.2
2539	99.1
2540	95.6
2541	92.3
2542	89.2
2543	86.1
2544	82.7
2545	79.1
2546	75.7
2547	73.0
2548	70.0
2549	67.4
2550	64.8
2551	62.9
2552	61.8
2553	57.7
2554	54.4
2555	51.2
2556	48.2
2557	45.3
2558	43.7
2559	42.7
2560	40.8
2561	38.0
2562	35.0
2563	32.0
2564	29.7
2565	28.7
2566	27.5
2567	25.6
2568	24.2
2569	21.7
2570	18.9
2571	17.0
2572	14.7
2573	12.4
2574	10.1
2575	8.4
2576	7.3
2577	6.2
2578	5.3
2579	3.6
2580	1.3
2581	0.1
2582	-2.3
2583	-4.9
2584	-6.1
2585	-6.2
2586	-5.2
2587	-6.3
2588	-9.9
2589	-13.5
2590	-14.5
2591	-13.9
2592	-13.7
2593	-14.7
2594	-17.0
2595	-18.8
2596	-17.7
2597	-17.4
2598	-20.3
2599	-22.1
2600	-23.7
2601	-24.9
2602	-25.6
2603	-26.2
2604	-26.7
2605	-28.2
2606	-29.7
2607	-30.8
2608	-31.9
2609	-32.6
2610	-33.1
2611	-33.3
2612	-33.9
2613	-35.3
2614	-36.6
2615	-36.8
2616	-37.1
2617	-37.2
2618	-37.8
2619	-39.4
2620	-40.4
2621	-40.4
2622	-40.0
2623	-40.8
2624	-42.6
2625	-44.2
2626	-45.2
2627	-45.2
2628	-45.0
2629	-45.3
2630	-46.2
2631	-47.1
2632	-47.8
2633	-47.9
2634	-48.2
2635	-49.1
2636	-48.8
2637	-48.9
2638	-49.3
2639	-50.3
2640	-51.2
2641	-52.0
2642	-51.0
2643	-50.7
2644	-51.0
2645	-52.6
2646	-53.8
2647	-54.6
2648	-54.1
2649	-53.7
2650	-55.0
2651	-56.5
2652	-57.9
2653	-57.8
2654	-57.2
2655	-57.4
2656	-58.1
2657	-58.2
2658	-58.4
2659	-58.8
2660	-58.7
2661	-59.1
2662	-59.8
2663	-60.3
2664	-60.5
2665	-60.5
2666	-61.1
2667	-62.2
2668	-61.6
2669	-60.2
2670	-59.4
2671	-60.6
2672	-62.3
2673	-64.0
2674	-63.4
2675	-62.4
2676	-62.8
2677	-64.0
2678	-65.0
2679	-65.4
2680	-64.9
2681	-64.7
2682	-64.8
2683	-65.2
2684	-65.5
2685	-66.0
2686	-66.8
2687	-67.3
2688	-66.9
2689	-66.7
2690	-66.8
2691	-67.2
2692	-67.9
2693	-68.2
2694	-68.0
2695	-67.9
2696	-68.2
2697	-68.9
2698	-69.4
2699	-67.2
2700	-66.3
2701	-67.4
2702	-67.7
2703	-69.0
2704	-70.3
2705	-70.8
2706	-70.4
2707	-70.3
2708	-69.8
2709	-70.1
2710	-70.5
2711	-70.7
2712	-71.4
2713	-71.4
2714	-71.0
2715	-71.3
2716	-71.6
2717	-71.7
2718	-72.2
2719	-72.5
2720	-72.2
2721	-71.6
2722	-70.8
2723	-71.1
2724	-72.2
2725	-72.9
2726	-72.4
2727	-71.8
2728	-71.4
2729	-72.7
2730	-74.2
2731	-73.9
2732	-73.4
2733	-73.0
2734	-73.7
2735	-74.2
2736	-74.4
2737	-74.2
2738	-73.8
2739	-74.0
2740	-74.2
2741	-74.4
2742	-74.8
2743	-74.7
2744	-74.9
2745	-75.3
2746	-75.5
2747	-74.8
2748	-74.1
2749	-74.8
2750	-75.8
2751	-74.9
2752	-73.3
2753	-74.4
2754	-74.1
2755	-74.5
2756	