-61.7
1495	-61.2
1496	-61.2
1497	-61.5
1498	-62.1
1499	-63.1
1500	-63.0
1501	-62.1
1502	-62.2
1503	-62.3
1504	-63.1
1505	-63.0
1506	-62.7
1507	-62.5
1508	-63.5
1509	-64.6
1510	-65.0
1511	-64.6
1512	-64.1
1513	-63.6
1514	-63.3
1515	-64.2
1516	-65.5
1517	-65.9
1518	-65.6
1519	-64.5
1520	-64.6
1521	-65.2
1522	-65.9
1523	-66.2
1524	-66.1
1525	-66.1
1526	-66.5
1527	-66.9
1528	-67.4
1529	-67.5
1530	-66.7
1531	-66.1
1532	-65.8
1533	-66.8
1534	-68.4
1535	-68.4
1536	-67.6
1537	-67.3
1538	-67.2
1539	-67.2
1540	-67.6
1541	-68.1
1542	-68.3
1543	-69.1
1544	-69.3
1545	-68.4
1546	-67.4
1547	-67.7
1548	-69.3
1549	-70.2
1550	-70.6
1551	-69.6
1552	-68.5
1553	-68.3
1554	-70.2
1555	-71.0
1556	-70.5
1557	-69.2
1558	-69.2
1559	-69.5
1560	-70.6
1561	-71.2
1562	-70.9
1563	-69.8
1564	-69.3
1565	-69.4
1566	-70.0
1567	-70.6
1568	-70.6
1569	-70.0
1570	-70.6
1571	-71.4
1572	-71.4
1573	-70.3
1574	-70.1
1575	-70.8
1576	-71.0
1577	-71.2
1578	-71.3
1579	-71.2
1580	-72.1
1581	-72.2
1582	-71.4
1583	-70.3
1584	-70.3
1585	-71.1
1586	-72.1
1587	-72.4
1588	-72.0
1589	-70.9
1590	-70.9
1591	-71.7
1592	-72.0
1593	-72.2
1594	-71.6
1595	-72.2
1596	-72.7
1597	-72.5
1598	-72.3
1599	-71.8
1600	-71.5
1601	-71.7
1602	-72.1
1603	-72.0
1604	-72.9
1605	-73.5
1606	-73.1
1607	-72.5
1608	-71.9
1609	-71.7
1610	-72.2
1611	-72.7
1612	-73.0
1613	-73.0
1614	-73.2
1615	-73.0
1616	-72.4
1617	-72.9
1618	-73.3
1619	-73.0
1620	-73.0
1621	-72.9
1622	-73.0
1623	-73.6
1624	-74.0
1625	-73.5
1626	-73.7
1627	-73.7
1628	-72.9
1629	-72.6
1630	-73.3
1631	-73.3
1632	-55.3
1633	109.0
1634	443.4
1635	753.0
1636	1213.5
1637	1819.1
1638	2176.2
1639	2507.4
1640	3060.4
1641	3410.9
1642	3681.6
1643	4224.4
1644	4608.6
1645	4797.1
1646	5244.7
1647	5621.7
1648	5729.2
1649	6080.4
1650	6510.3
1651	6626.9
1652	6882.7
1653	7335.9
1654	7469.2
1655	7574.0
1656	7989.7
1657	8205.3
1658	8223.6
1659	8557.6
1660	8890.2
1661	8892.5
1662	9067.6
1663	9463.8
1664	9541.1
1665	9554.2
1666	9911.0
1667	10140.6
1668	10088.9
1669	10290.2
1670	10643.0
1671	10655.7
1672	10668.5
1673	11020.2
1674	11198.0
1675	11114.5
1676	11309.0
1677	11640.1
1678	11622.0
1679	11598.4
1680	11920.3
1681	12101.4
1682	11993.9
1683	12125.2
1684	12459.7
1685	12469.4
1686	12394.0
1687	12667.6
1688	12893.3
1689	12784.8
1690	12823.7
1691	13154.5
1692	13234.0
1693	13123.3
1694	13327.9
1695	13616.0
1696	13547.5
1697	13507.8
1698	13813.9
1699	13973.4
1700	13851.8
1701	13957.3
1702	14269.8
1703	14268.0
1704	14150.0
1705	14365.5
1706	14604.9
1707	14502.7
1708	14457.9
1709	14741.8
1710	14871.9
1711	14711.0
1712	14754.9
1713	15059.0
1714	15091.9
1715	14944.2
1716	15092.5
1717	15358.5
1718	15286.2
1719	15160.4
1720	15374.4
1721	15579.5
1722	15450.9
1723	15390.6
1724	15662.2
1725	15795.9
1726	15633.8
1727	15641.9
1728	15923.2
1729	15969.7
1730	15799.0
1731	15884.2
1732	16162.0
1733	16138.3
1734	15974.0
1735	16115.3
1736	16361.3
1737	16276.0
1738	16136.3
1739	16326.7
1740	16535.3
1741	16405.5
1742	16291.0
1743	16510.5
1744	16677.3
1745	16519.4
1746	16436.3
1747	16680.1
1748	16810.0
1749	16635.0
1750	16585.7
1751	16843.0
1752	16929.5
1753	16740.8
1754	16723.2
1755	16986.9
1756	17039.6
1757	16839.8
1758	16840.8
1759	17107.3
1760	17138.6
1761	16945.0
1762	16976.2
1763	17242.1
1764	17248.0
1765	17055.3
1766	17108.2
1767	17368.9
1768	17350.8
1769	17163.7
1770	17241.4
1771	17494.5
1772	17448.8
1773	17262.5
1774	17358.0
1775	17607.2
1776	17549.1
1777	17370.8
1778	17480.7
1779	17718.0
1780	17644.6
1781	17479.5
1782	17617.0
1783	17843.8
1784	17743.4
1785	17574.7
1786	17717.4
1787	17936.6
1788	17824.5
1789	17655.7
1790	17797.8
1791	18007.2
1792	17889.2
1793	17712.2
1794	17844.6
1795	18061.2
1796	17956.3
1797	17783.5
1798	17916.9
1799	18131.7
1800	18021.4
1801	17842.0
1802	17970.0
1803	18193.4
1804	18095.7
1805	17915.0
1806	18030.4
1807	18246.0
1808	18144.6
1809	17949.9
1810	18050.3
1811	18285.7
1812	18207.1
1813	18003.9
1814	18076.1
1815	18308.7
1816	18247.7
1817	18040.6
1818	18093.2
1819	18336.1
1820	18305.2
1821	18100.9
1822	18133.3
1823	18376.2
1824	18358.1
1825	18151.1
1826	18171.2
1827	18420.3
1828	18421.4
1829	18212.5
1830	18212.1
1831	18457.0
1832	18476.0
1833	18257.9
1834	18217.9
1835	18455.2
1836	18510.2
1837	18305.8
1838	18240.1
1839	18463.1
1840	18545.1
1841	18341.6
1842	18235.8
1843	18437.8
1844	18557.6
1845	18373.8
1846	18241.4
1847	18422.4
1848	18582.2
1849	18417.7
1850	18250.0
1851	18398.9
1852	18595.5
1853	18468.1
1854	18288.5
1855	18403.1
1856	18610.2
1857	18511.2
1858	18320.7
1859	18401.6
1860	18619.1
1861	18541.2
1862	18323.8
1863	18356.6
1864	18592.9
1865	18566.6
1866	18340.5
1867	18323.7
1868	18562.6
1869	18595.6
1870	18385.2
1871	18332.0
1872	18559.1
1873	18629.2
1874	18428.8
1875	18354.4
1876	18581.4
1877	18692.7
1878	18508.7
1879	18410.4
1880	18623.4
1881	18755.5
1882	18579.4
1883	18454.0
1884	18640.6
1885	18793.0
1886	18627.5
1887	18465.3
1888	18608.3
1889	18791.4
1890	18655.8
1891	18469.7
1892	18575.2
1893	18787.5
1894	18695.4
1895	18494.9
1896	18559.6
1897	18791.4
1898	18739.9
1899	18533.4
1900	18564.8
1901	18802.7
1902	18783.6
1903	18564.3
1904	18542.4
1905	18777.4
1906	18814.9
1907	18608.2
1908	18553.0
1909	18776.4
1910	18852.0
1911	18651.1
1912	18549.1
1913	18750.7
1914	18874.2
1915	18690.3
1916	18542.1
1917	18702.0
1918	18869.4
1919	18721.2
1920	18543.9
1921	18660.7
1922	18864.7
1923	18761.4
1924	18565.1
1925	18637.7
1926	18859.3
1927	18791.5
1928	18576.4
1929	18601.0
1930	18837.9
1931	18824.9
1932	18605.4
1933	18572.5
1934	18800.4
1935	18843.8
1936	18629.4
1937	18539.6
1938	18746.2
1939	18853.1
1940	18665.7
1941	18535.2
1942	18710.3
1943	18865.9
1944	18708.1
1945	18544.1
1946	18680.2
1947	18870.8
1948	18747.6
1949	18555.8
1950	18643.1
1951	18862.3
1952	18790.2
1953	18587.2
1954	18626.2
1955	18855.8
1956	18829.2
1957	18620.7
1958	18624.3
1959	18864.8
1960	18899.6
1961	18726.8
1962	18732.5
1963	18972.1
1964	19010.0
1965	18827.6
1966	18809.0
1967	19039.4
1968	19091.0
1969	18902.3
1970	18846.6
1971	19061.1
1972	19140.1
1973	18945.6
1974	18837.4
1975	19025.5
1976	19159.5
1977	18994.9
1978	18853.0
1979	19004.0
1980	19171.0
1981	19031.5
1982	18858.4
1983	18971.0
1984	19175.6
1985	19080.6
1986	18892.7
1987	18963.3
1988	19182.3
1989	19122.3
1990	18923.1
1991	18961.9
1992	19199.9
1993	19182.5
1994	18972.4
1995	18955.7
1996	19180.4
1997	19207.5
1998	18998.0
1999	18933.9
2000	19151.7
2001	19237.7
2002	19045.3
2003	18937.5
2004	19125.8
2005	19254.4
2006	19083.1
2007	18940.6
2008	19096.4
2009	19272.9
2010	19141.6
2011	18976.7
2012	19094.2
2013	19292.3
2014	19185.3
2015	19004.4
2016	19105.5
2017	19337.0
2018	19265.6
2019	19065.9
2020	19112.2
2021	19338.8
2022	19300.1
2023	19091.3
2024	19090.3
2025	19321.1
2026	19334.0
2027	19119.9
2028	19063.3
2029	19281.8
2030	19353.6
2031	19153.9
2032	18946.7
2033	18615.5
2034	18142.4
2035	17695.9
2036	17284.3
2037	16886.5
2038	16484.1
2039	16067.2
2040	15641.1
2041	15219.9
2042	14816.0
2043	14434.0
2044	14071.8
2045	13719.6
2046	13367.1
2047	13009.6
2048	12647.7
2049	12288.1
2050	11939.6
2051	11606.6
2052	11288.8
2053	10978.9
2054	10671.2
2055	10362.7
2056	10055.2
2057	9750.2
2058	9451.7
2059	9163.0
2060	8885.5
2061	8617.2
2062	8354.0
2063	8092.3
2064	7830.5
2065	7570.8
2066	7316.6
2067	7070.4
2068	6833.2
2069	6602.2
2070	6375.5
2071	6152.2
2072	5930.9
2073	5713.3
2074	5501.3
2075	5296.1
2076	5094.2
2077	4890.2
2078	4683.1
2079	4473.5
2080	4261.0
2081	4046.8
2082	3833.3
2083	3624.4
2084	3420.3
2085	3221.5
2086	3030.1
2087	2844.9
2088	2665.7
2089	2493.3
2090	2327.7
2091	2169.9
2092	2019.5
2093	1876.6
2094	1742.6
2095	1617.8
2096	1501.7
2097	1392.5
2098	1289.3
2099	1192.6
2100	1102.9
2101	1020.0
2102	944.3
2103	874.7
2104	809.6
2105	750.1
2106	695.8
2107	646.4
2108	600.4
2109	557.6
2110	518.0
2111	480.0
2112	446.0
2113	416.0
2114	388.5
2115	363.7
2116	340.9
2117	319.6
2118	300.2
2119	282.2
2120	265.1
2121	250.4
2122	237.7
2123	226.5
2124	216.1
2125	205.7
2126	195.8
2127	185.5
2128	175.2
2129	166.4
2130	158.8
2131	152.3
2132	146.0
2133	141.2
2134	137.2
2135	132.8
2136	128.2
2137	122.3
2138	115.5
2139	109.7
2140	104.9
2141	101.5
2142	98.9
2143	95.5
2144	91.5
2145	87.5
2146	83.6
2147	79.9
2148	76.7
2149	74.2
2150	71.3
2151	68.4
2152	67.3
2153	65.9
2154	63.4
2155	59.8
2156	54.3
2157	46.8
2158	41.2
2159	41.1
2160	45.3
2161	47.8
2162	45.4
2163	39.9
2164	34.6
2165	31.1
2166	29.2
2167	27.6
2168	25.8
2169	25.5
2170	26.2
2171	25.1
2172	21.8
2173	17.4
2174	14.6
2175	12.9
2176	12.1
2177	11.3
2178	10.1
2179	9.0
2180	7.5
2181	5.5
2182	3.7
2183	1.4
2184	-0.5
2185	-1.5
2186	-2.1
2187	-3.3
2188	-4.5
2189	-5.9
2190	-8.0
2191	-10.0
2192	-10.7
2193	-11.1
2194	-12.2
2195	-13.7
2196	-15.5
2197	-16.3
2198	-17.2
2199	-18.4
2200	-20.0
2201	-20.9
2202	-21.1
2203	-21.6
2204	-23.1
2205	-24.5
2206	-25.9
2207	-26.5
2208	-27.1
2209	-28.0
2210	-29.7
2211	-30.2
2212	-30.0
2213	-30.9
2214	-32.0
2215	-33.5
2216	-34.3
2217	-34.8
2218	-35.5
2219	-36.0
2220	-36.8
2221	-37.9
2222	-38.5
2223	-38.3
2224	-38.5
2225	-39.7
2226	-41.0
2227	-41.1
2228	-41.9
2229	-42.7
2230	-43.5
2231	-44.0
2232	-44.2
2233	-45.1
2234	-45.8
2235	-46.3
2236	-46.9
2237	-47.1
2238	-47.4
2239	-47.4
2240	-48.3
2241	-48.8
2242	-49.2
2243	-49.4
2244	-50.0
2245	-50.5
2246	-50.6
2247	-51.1
2248	-51.0
2249	-51.7
2250	-52.6
2251	-53.2
2252	-53.5
2253	-53.5
2254	-54.3
2255	-54.8
2256	-54.9
2257	-55.5
2258	-55.6
2259	-56.2
2260	-56.8
2261	-57.0
2262	-57.0
2263	-56.9
2264	-57.8
2265	-58.1
2266	-58.3
2267	-57.2
2268	-56.5
2269	-56.5
2270	-56.8
2271	-57.2
2272	-57.4
2273	-57.8
2274	-57.7
2275	-58.5
2276	-60.0
2277	-60.9
2278	-61.4
2279	-61.4
2280	-61.9
2281	-62.1
2282	-61.6
2283	-62.0
2284	-62.3
2285	-62.8
2286	-63.0
2287	-63.4
2288	-63.5
2289	-63.3
2290	-63.4
2291	-63.8
2292	-64.7
2293	-65.2
2294	-65.1
2295	-64.6
2296	-65.1
2297	-65.9
2298	-66.3
2299	-66.3
2300	-65.9
2301	-66.0
2302	-66.0
2303	-66.6
2304	-67.2
2305	-67.2
2306	-66.7
2307	-66.5
2308	-66.6
2309	-67.3
2310	-67.7
2311	-67.7
2312	-67.6
2313	-67.8
2314	-68.2
2315	-68.3
2316	-68.2
2317	-68.4
2318	-68.8
2319	-69.1
2320	-69.6
2321	-69.5
2322	-68.8
2323	-69.3
2324	-70.1
2325	-70.2
2326	-69.8
2327	-69.9
2328	-69.8
2329	-70.0
2330	-70.4
2331	-70.6
2332	-70.2
2333	-69.8
2334	-70.5
2335	-70.7
2336	-71.3
2337	-71.0
2338	-71.0
2339	-71.2
2340	-72.0
2341	-72.2
2342	-72.0
2343	-71.8
2344	-71.7
2345	-72.1
2346	-72.3
2347	-72.3
2348	-72.5
2349	-72.0
2350	-72.6
2351	-73.1
2352	-73.2
2353	-73.1
2354	-73.0
2355	-73.0
2356	-72.8
2357	-72.4
2358	-72.9
2359	-73.5
2360	-73.7
2361	-73.3
2362	-73.8
2363	-74.1
2364	-73.5
2365	-73.1
2366	-73.3
2367	-73.7
2368	-74.2
2369	-73.7
2370	-73.7
2371	-74.0
2372	-73.9
2373	-74.4
2374	-73.9
2375	-73.7
2376	-73.9
2377	-74.2
2378	-74.7
2379	-74.7
2380	-74.4
2381	-74.3
2382	-74.9
2383	-74.9
2384	-75.1
2385	-74.6
2386	-74.5
2387	-74.8
2388	-74.4
2389	-75.0
2390	-75.3
2391	-75.3
2392	-75.1
2393	-75.1
2394	-75.6
2395	-75.3
2396	-75.0
2397	-75.1
2398	-75.6
2399	-75.8
2400	-76.0
2401	-76.3
2402	-76.1
2403	-75.9
2404	-76.2
2405	-76.3
2406	-76.4
2407	-76.5
2408	-76.4
2409	-76.1
2410	-76.4
2411	-76.9
2412	-76.9
2413	-76.6
2414	-76.4
2415	-76.4
2416	-76.4
2417	-76.4
2418	-76.3
2419	-76.7
2420	-76.8
2421	-76.9
2422	-76.8
2423	-76.6
2424	-76.9
2425	-76.8
2426	-76.6
2427	-76.6
2428	-76.8
2429	-76.7
2430	-76.2
2431	-76.2
2432	-55.6
2433	108.6
2434	407.5
2435	715.4
2436	1203.4
2437	1798.9
2438	2129.0
2439	2474.9
2440	3020.9
2441	3346.4
2442	3630.2
2443	4171.4
2444	4518.4
2445	4692.8
2446	5133.8
2447	5495.7
2448	5589.6
2449	5920.1
2450	6346.0
2451	6456.8
2452	6669.4
2453	7116.6
2454	7273.9
2455	7341.1
2456	7728.4
2457	7986.4
2458	7986.8
2459	8257.2
2460	8630.9
2461	8664.3
2462	8760.9
2463	9154.3
2464	9303.5
2465	9271.2
2466	9563.2
2467	9867.1
2468	9834.4
2469	9943.1
2470	10320.5
2471	10407.4
2472	10347.3
2473	10631.2
2474	10904.1
2475	10842.7
2476	10935.4
2477	11297.3
2478	11371.0
2479	11286.8
2480	11539.2
2481	11806.5
2482	11726.4
2483	11752.7
2484	12093.5
2485	12205.0
2486	12091.8
2487	12276.2
2488	12574.3
2489	12521.6
2490	12463.4
2491	12758.4
2492	12942.4
2493	12816.4
2494	12886.3
2495	13210.5
2496	13247.7
2497	13122.2
2498	13320.5
2499	13586.0
2500	13501.8
2501	13441.9
2502	13729.5
2503	13891.5
2504	13748.6
2505	13797.3
2506	14107.1
2507	14141.4
2508	13993.5
2509	14152.0
2510	14423.6
2511	14351.7
2512	14241.6
2513	14482.7
2514	14686.0
2515	14555.7
2516	14526.2
2517	14811.2
2518	14910.9
2519	14742.7
2520	14796.8
2521	15090.1
2522	15099.7
2523	14930.1
2524	15054.0
2525	15321.3
2526	15259.3
2527	15115.8
2528	15306.9
2529	15531.1
2530	15414.0
2531	15314.7
2532	15557.7
2533	15726.0
2534	15574.9
2535	15541.5
2536	15820.6
2537	15913.5
2538	15739.5
2539	15771.0
2540	16050.9
2541	16068.4
2542	15888.7
2543	15977.4
2544	16246.2
2545	16205.3
2546	16037.9
2547	16178.5
2548	16424.1
2549	16345.1
2550	16226.1
2551	16436.7
2552	16639.7
2553	16508.9
2554	16433.8
2555	16693.3
2556	16843.6
2557	16693.6
2558	16681.3
2559	16945.2
2560	16997.1
2561	16807.2
2562	16833.3
2563	17111.7
2564	17138.7
2565	16968.7
2566	17052.3
2567	17310.2
2568	17268.5
2569	17101.9
2570	17230.6
2571	17469.1
2572	17382.7
2573	17214.6
2574	17356.1
2575	17573.9
2576	17466.0
2577	17308.0
2578	17468.0
2579	17680.2
2580	17563.8
2581	17417.4
2582	17586.9
2583	17773.2
2584	17631.7
2585	17487.2
2586	17669.4
2587	17859.0
2588	17722.2
2589	17591.5
2590	17781.0
2591	17952.6
2592	17802.1
2593	17681.8
2594	17885.4
2595	18050.4
2596	17894.9
2597	17784.7
2598	17992.2
2599	18140.6
2600	17977.8
2601	17875.2
2602	18085.7
2603	18222.3
2604	18047.3
2605	17934.0
2606	18141.8
2607	18289.7
2608	18134.6
2609	18062.4
2610	18295.7
2611	18421.5
2612	18254.0
2613	18197.9
2614	18443.7
2615	18544.9
2616	18368.2
2617	18328.4
2618	18575.6
2619	18653.6
2620	18477.5
2621	18471.8
2622	18734.0
2623	18793.6
2624	18626.8
2625	18660.2
2626	18920.3
2627	18929.1
2628	18752.2
2629	18809.0
2630	19060.1
2631	19032.8
2632	18842.6
2633	18899.1
2634	19144.6
2635	19110.7
2636	18918.2
2637	18968.8
2638	19208.1
2639	19172.3
2640	18975.2
2641	19015.2
2642	19256.2
2643	19232.1
2644	19033.5
2645	19066.8
2646	19313.4
2647	19303.7
2648	19110.7
2649	19140.1
2650	19385.4
2651	19374.8
2652	19175.5
2653	19193.8
2654	19434.0
2655	19431.8
2656	19231.4
2657	19235.1
2658	19476.0
2659	19488.9
2660	19302.3
2661	19322.4
2662	19570.6
2663	19580.1
2664	19379.8
2665	19373.9
2666	19608.8
2667	19628.6
2668	19432.4
2669	19421.4
2670	19662.0
2671	19697.7
2672	19510.7
2673	19506.5
2674	19751.5
2675	19783.0
2676	19580.4
2677	19546.4
2678	19778.0
2679	19833.3
2680	19640.5
2681	19591.9
2682	19817.4
2683	19884.0
2684	19691.1
2685	19624.9
2686	19844.5
2687	19935.8
2688	19748.7
2689	19663.4
2690	19872.6
2691	19982.4
2692	19804.0
2693	19705.4
2694	19905.5
2695	20036.1
2696	19869.1
2697	19758.2
2698	19946.3
2699	20090.0
2700	19926.6
2701	19788.9
2702	19950.0
2703	20112.4
2704	19962.3
2705	19797.9
2706	19928.0
2707	20117.5
2708	19996.5
2709	19817.0
2710	19913.5
2711	20123.7
2712	20035.8
2713	19848.9
2714	19919.4
2715	20141.9
2716	20080.0
2717	19879.2
2718	19915.4
2719	20146.6
2720	20120.5
2721	19918.0
2722	19919.8
2723	20147.9
2724	20152.5
2725	19946.8
2726	19911.1
2727	20132.9
2728	20183.5
2729	19987.7
2730	19916.8
2731	20121.3
2732	20208.0
2733	20021.4
2734	19917.8
2735	20102.4
2736	20228.6
2737	20058.2
2738	19921.2
2739	20078.5
2740	20241.8
2741	20101.0
2742	19953.0
2743	20090.0
2744	20272.9
2745	20150.0
2746	19978.3
2747	20077.9
2748	20284.9
2749	20199.2
2750	20011.9
2751	20069.7
2752	20285.7
2753	20231.2
2754	20057.0
2755	20137.8
2756	20398.4
2757	20387.5
2758	20236.2
2759	20323.8
2760	20553.4
2761	20497.8
2762	20327.3
2763	20403.9
2764	20630.9
2765	20575.9
2766	20391.1
2767	20440.2
2768	20665.0
2769	20623.6
2770	20419.2
2771	20421.6
2772	20643.5
2773	20645.5
2774	20441.3
2775	20399.0
2776	20609.2
2777	20658.5
2778	20457.7
2779	20371.4
2780	20564.5
2781	20667.2
2782	20483.9
2783	20356.5
2784	20516.1
2785	20664.5
2786	20514.1
2787	20370.5
2788	20507.4
2789	20687.1
2790	20563.0
2791	20399.4
2792	20502.9
2793	20702.8
2794	20610.1
2795	20437.0
2796	20510.3
2797	20721.7
2798	20656.1
2799	20463.9
2800	20499.4
2801	20726.0
2802	20708.9
2803	20537.8
2804	20580.1
2805	20822.0
2806	20825.7
2807	20647.4
2808	20655.2
2809	20876.8
2810	20884.9
2811	20692.5
2812	20660.2
2813	20875.7
2814	20922.8
2815	20726.9
2816	20654.8
2817	20855.5
2818	20945.1
2819	20764.9
2820	20659.1
2821	20830.3
2822	20960.4
2823	20797.7
2824	20650.2
2825	20782.1
2826	20952.9
2827	20825.7
2828	20653.1
2829	20740.1
2830	20937.5
2831	20849.0
2832	20555.6
2833	20085.0
2834	19547.9
2835	19080.0
2836	18657.9
2837	18246.9
2838	17822.2
2839	17375.3
2840	16916.3
2841	16465.2
2842	16038.1
2843	15640.5
2844	15265.7
2845	14899.3
2846	14527.2
2847	14144.6
2848	13755.7
2849	13371.3
2850	13002.5
2851	12653.2
2852	12320.4
2853	11995.1
2854	11669.7
2855	11340.7
2856	11008.9
2857	10680.8
2858	10363.1
2859	10057.1
2860	9763.4
2861	9478.2
2862	9197.1
2863	8917.3
2864	8638.1
2865	8362.7
2866	8092.1
2867	7829.3
2868	7575.2
2869	7327.6
2870	7084.9
2871	6845.9
2872	6610.8
2873	6378.9
2874	6151.2
2875	5929.7
2876	5714.9
2877	5505.8
2878	5302.7
2879	5103.5
2880	4897.1
2881	4682.1
2882	4465.2
2883	4248.7
2884	4034.9
2885	3823.2
2886	3615.2
2887	3413.2
2888	3216.6
2889	3025.6
2890	2840.8
2891	2662.2
2892	2490.5
2893	2326.4
2894	2170.6
2895	2022.7
2896	1882.8
2897	1751.2
2898	1627.1
2899	1511.5
2900	1403.3
2901	1300.7
2902	1204.4
2903	1116.0
2904	1034.4
2905	960.1
2906	891.4
2907	827.8
2908	768.5
2909	712.9
2910	661.9
2911	614.9
2912	571.7
2913	532.0
2914	496.3
2915	464.9
2916	435.8
2917	408.8
2918	383.0
2919	359.1
2920	336.2
2921	315.3
2922	297.3
2923	281.4
2924	267.2
2925	254.7
2926	243.0
2927	231.2
2928	220.1
2929	209.9
2930	199.7
2931	189.7
2932	180.4
2933	172.7
2934	166.0
2935	159.2
2936	153.2
2937	147.1
2938	140.8
2939	135.4
2940	130.4
2941	124.7
2942	119.9
2943	115.8
2944	111.7
2945	107.3
2946	103.7
2947	99.5
2948	94.9
2949	91.3
2950	88.7
2951	85.2
2952	81.7
2953	78.7
2954	75.5
2955	72.9
2956	70.2
2957	66.7
2958	63.3
2959	60.9
2960	58.6
2961	55.4
2962	53.0
2963	50.3
2964	47.5
2965	45.5
2966	43.3
2967	40.9
2968	38.5
2969	36.2
2970	34.2
2971	32.1
2972	30.3
2973	27.9
2974	25.7
2975	24.2
2976	21.9
2977	19.6
2978	18.2
2979	16.7
2980	14.7
2981	12.3
2982	10.8
2983	9.6
2984	8.3
2985	6.4
2986	4.7
2987	3.2
2988	1.9
2989	0.3
2990	-1.1
2991	-2.7
2992	-3.8
2993	-4.7
2994	-6.5
2995	-7.9
2996	-9.2
2997	-10.0
2998	-11.7
2999	-12.6
3000	-13.6
3001	-14.2
3002	-16.0
3003	-17.6
3004	-17.7
3005	-18.6
3006	-19.9
3007	-21.7
3008	-22.5
3009	-23.4
3010	-24.4
3011	-25.4
3012	-26.2
3013	-26.9
3014	-27.8
3015	-28.8
3016	-30.2
3017	-31.0
3018	-31.1
3019	-32.1
3020	-33.6
3021	-33.7
3022	-33.7
3023	-34.8
3024	-36.0
3025	-37.1
3026	-37.3
3027	-37.7
3028	-38.6
3029	-39.5
3030	-39.7
3031	-39.8
3032	-40.7
3033	-42.1
3034	-42.8
3035	-43.0
3036	-43.1
3037	-44.0
3038	-44.4
3039	-45.6
3040	-45.8
3041	-46.3
3042	-47.1
3043	-47.8
3044	-47.9
3045	-48.3
3046	-48.6
3047	-49.4
3048	-50.0
3049	-50.3
3050	-51.1
3051	-51.5
3052	-51.7
3053	-52.1
3054	-53.1
3055	-53.2
3056	-52.8
3057	-53.1
3058	-53.8
3059	-54.4
3060	-55.1
3061	-55.3
3062	-55.5
3063	-56.1
3064	-56.5
3065	-56.9
3066	-56.9
3067	-57.0
3068	-57.3
3069	-57.8
3070	-58.2
3071	-58.4
3072	-59.2
3073	-59.5
3074	-59.1
3075	-59.5
3076	-59.8
3077	-60.0
3078	-60.6
3079	-61.2
3080	-61.5
3081	-61.3
3082	-61.6
3083	-62.0
3084	-62.6
3085	-62.5
3086	-62.8
3087	-62.8
3088	-62.7
3089	-63.0
3090	-63.4
3091	-64.4
3092	-64.2
3093	-63.6
3094	-64.1
3095	-65.0
3096	-64.7
3097	-64.9
3098	-65.4
3099	-65.7
3100	-66.1
3101	-66.5
3102	-66.4
3103	-66.7
3104	-67.3
3105	-67.3
3106	-67.1
3107	-66.9
3108	-67.2
3109	-67.2
3110	-67.6
3111	-67.8
3112	-68.1
3113	-68.3
3114	-68.6
3115	-68.4
3116	-68.6
3117	-69.3
3118	-69.2
3119	-69.2
3120	-69.3
3121	-69.4
3122	-70.0
3123	-70.3
3124	-70.0
3125	-70.2
3126	-69.8
3127	-70.2
3128	-70.7
3129	-70.6
3130	-70.3
3131	-70.5
3132	-71.0
3133	-71.0
3134	-71.1
3135	-71.3
3136	-71.2
3137	-71.4
3138	-71.7
3139	-71.3
3140	-71.9
3141	-72.7
3142	-73.1
3143	-72.4
3144	-72.1
3145	-71.9
3146	-72.4
3147	-72.8
3148	-73.2
3149	-73.2
3150	-72.8
3151	-72.8
3152	-73.1
3153	-73.4
3154	-73.6
3155	-73.4
3156	-73.5
3157	-73.9
3158	-73.8
3159	-73.7
3160	-73.9
3161	-74.5
3162	-74.6
3163	-74.3
3164	-74.5
3165	-74.2
3166	-74.4
3167	-74.9
3168	-74.7
3169	-74.5
3170	-74.6
3171	-75.0
3172	-75.2
3173	-74.8
3174	-74.9
3175	-75.1
3176	-75.3
3177	-75.4
3178	-75.3
3179	-75.7
3180	-75.6
3181	-76.0
3182	-76.3
3183	-76.0
3184	-75.8
3185	-75.9
3186	-75.7
3187	-75.5
3188	-75.5
3189	-75.8
3190	-76.0
3191	-76.4
3192	-76.2
3193	-76.5
3194	-76.4
3195	-76.0
3196	-76.3
3197	-76.5
3198	-76.6
3199	-76.7
3200	-77.4
3201	-77.3
3202	-77.1
3203	-77.1
3204	-76.6
3205	-76.5
3206	-77.1
3207	-77.4
3208	-77.4
3209	-77.3
3210	-77.4
3211	-77.0
3212	-77.0
3213	-77.6
3214	-77.3
3215	-77.6
3216	-78.0
3217	-77.6
3218	-77.5
3219	-77.6
3220	-77.3
3221	-77.4
3222	-77.9
3223	-77.8
3224	-77.9
3225	-77.8
3226	-77.9
3227	-77.9
3228	-78.1
3229	-78.0
3230	-77.4
3231	-77.8
3232	-70.6
3233	41.5
3234	387.6
3235	756.8
3236	1129.4
3237	1691.6
3238	2149.4
3239	2424.3
3240	2904.5
3241	3372.3
3242	3632.3
3243	4096.0
3244	4576.4
3245	4767.4
3246	5105.4
3247	5553.8
3248	5710.7
3249	5958.3
3250	6418.3
3251	6602.4
3252	6750.4
3253	7180.1
3254	7413.6
3255	7467.8
3256	7813.1
3257	8118.9
3258	8133.2
3259	8354.6
3260	8740.6
3261	8805.9
3262	8877.9
3263	9253.3
3264	9427.0
3265	9391.6
3266	9658.2
3267	9968.0
3268	9946.1
3269	10035.6
3270	10393.3
3271	10490.3
3272	10432.5
3273	10700.8
3274	10971.3
3275	10911.3
3276	10985.7
3277	11329.7
3278	11406.4
3279	11321.0
3280	11558.7
3281	11827.5
3282	11764.0
3283	11798.4
3284	12127.7
3285	12224.8
3286	12116.3
3287	12307.4
3288	12593.2
3289	12536.2
3290	12503.4
3291	12801.3
3292	12948.9
3293	12821.9
3294	12927.8
3295	13241.6
3296	13243.1
3297	13140.9
3298	13374.2
3299	13600.9
3300	13494.6
3301	13492.7
3302	13799.2
3303	13892.7
3304	13749.8
3305	13871.0
3306	14158.2
3307	14119.4
3308	14008.7
3309	14236.7
3310	14444.3
3311	14316.1
3312	14276.7
3313	14554.6
3314	14659.7
3315	14500.4
3316	14556.9
3317	14844.2
3318	14852.7
3319	14700.0
3320	14844.8
3321	15097.7
3322	15021.6
3323	14911.1
3324	15135.9
3325	15325.1
3326	15187.0
3327	15138.2
3328	15405.8
3329	15514.4
3330	15351.0
3331	15381.1
3332	15657.9
3333	15676.9
3334	15505.6
3335	15603.3
3336	15862.5
3337	15807.9
3338	15650.2
3339	15807.7
3340	16037.8
3341	15934.6
3342	15807.6
3343	16010.4
3344	16194.9
3345	16053.9
3346	15969.8
3347	16205.7
3348	16336.8
3349	16167.5
3350	16126.2
3351	16383.7
3352	16466.1
3353	16287.0
3354	16293.3
3355	16557.5
3356	16586.9
3357	16400.2
3358	16444.7
3359	16704.8
3360	16692.7
3361	16508.7
3362	16592.7
3363	16845.4
3364	16796.8
3365	16625.4
3366	16745.8
3367	16980.9
3368	16896.7
3369	16738.3
3370	16888.2
3371	17101.0
3372	16991.6
3373	16853.4
3374	17028.1
3375	17216.6
3376	17084.9
3377	16960.0
3378	17153.2
3379	17326.9
3380	17186.6
3381	17088.4
3382	17302.1
3383	17448.0
3384	17290.2
3385	17218.8
3386	17457.6
3387	17572.6
3388	17398.1
3389	17352.2
3390	17597.8
3391	17677.1
3392	17494.7
3393	17476.7
3394	17726.7
3395	17772.5
3396	17577.7
3397	17569.3
3398	17818.8
3399	17851.9
3400	17658.7
3401	17666.3
3402	17917.8
3403	17937.1
3404	17743.3
3405	17758.7
3406	18006.7
3407	18015.8
3408	17825.0
3409	17852.0
3410	18099.1
3411	18096.3
3412	17903.6
3413	17937.3
3414	18179.6
3415	18166.0
3416	17965.6
3417	17991.7
3418	18239.0
3419	18235.3
3420	18047.8
3421	18089.4
3422	18331.4
3423	18309.5
3424	18116.8
3425	18164.3
3426	18410.8
3427	18391.2
3428	18196.2
3429	18235.2
3430	18476.0
3431	18453.5
3432	18259.4
3433	18297.7
3434	18536.3
3435	18513.8
3436	18312.5
3437	18332.2
3438	18567.3
3439	18558.0
3440	18351.8
3441	18356.0
3442	18600.3
3443	18614.8
3444	18415.8
3445	18411.5
3446	18647.2
3447	18667.7
3448	18474.7
3449	18483.4
3450	18736.6
3451	18763.5
3452	18567.4
3453	18556.9
3454	18792.9
3455	18819.9
3456	18622.2
3457	18600.4
3458	18835.0
3459	18881.8
3460	18687.4
3461	18647.1
3462	18876.9
3463	18934.6
3464	18739.4
3465	18684.0
3466	18907.0
3467	18983.4
3468	18807.9
3469	18779.1
3470	19023.3
3471	19100.9
3472	18918.9
3473	18875.4
3474	19108.0
3475	19182.0
3476	19004.6
3477	18968.8
3478	19199.3
3479	19264.2
3480	19074.1
3481	19017.3
3482	19235.6
3483	19311.6
3484	19125.2
3485	19052.4
3486	19263.4
3487	19359.5
3488	19179.0
3489	19091.6
3490	19294.6
3491	19410.6
3492	19242.4
3493	19144.4
3494	19338.4
3495	19463.9
3496	19298.9
3497	19204.3
3498	19408.0
3499	19553.8
3500	19399.7
3501	19293.1
3502	19479.2
3503	19621.9
3504	19467.0
3505	19350.8
3506	19527.5
3507	19676.5
3508	19519.7
3509	19379.1
3510	19534.2
3511	19702.1
3512	19561.4
3513	19400.2
3514	19522.9
3515	19713.3
3516	19600.6
3517	19429.5
3518	19533.1
3519	19740.9
3520	19648.6
3521	19461.4
3522	19533.4
3523	19750.4
3524	19683.2
3525	19481.8
3526	19515.1
3527	19740.1
3528	19709.3
3529	19498.1
3530	19486.2
3531	19709.2
3532	19723.9
3533	19516.4
3534	19468.4
3535	19684.8
3536	19746.2
3537	19537.5
3538	19447.3
3539	19655.2
3540	19765.3
3541	19574.9
3542	19423.6
3543	19577.1
3544	19738.6
3545	19596.7
3546	19443.7
3547	19563.2
3548	19734.3
3549	19613.7
3550	19439.8
3551	19536.6
3552	19747.9
3553	19657.8
3554	19460.1
3555	19512.5
3556	19740.1
3557	19696.6
3558	19481.4
3559	19478.9
3560	19706.8
3561	19719.0
3562	19523.1
3563	19491.2
3564	19703.4
3565	19740.5
3566	19535.6
3567	19458.6
3568	19664.9
3569	19762.2
3570	19576.3
3571	19468.0
3572	19651.8
3573	19784.8
3574	19612.9
3575	19461.8
3576	19604.5
3577	19779.2
3578	19647.4
3579	19472.2
3580	19568.6
3581	19767.9
3582	19676.1
3583	19489.6
3584	19554.2
3585	19773.8
3586	19716.1
3587	19514.7
3588	19535.6
3589	19762.8
3590	19751.9
3591	19540.0
3592	19511.2
3593	19734.2
3594	19775.3
3595	19575.3
3596	19514.5
3597	19736.5
3598	19835.1
3599	19671.3
3600	19609.8
3601	19819.0
3602	19916.5
3603	19748.9
3604	19680.4
3605	19889.9
3606	20001.5
3607	19836.9
3608	19760.4
3609	19965.4
3610	20085.8
3611	19920.1
3612	19824.3
3613	20019.0
3614	20153.7
3615	19988.3
3616	19861.1
3617	20021.7
3618	20177.9
3619	20030.1
3620	19876.0
3621	20004.8
3622	20191.1
3623	20072.7
3624	19897.2
3625	19992.1
3626	20202.6
3627	20125.6
3628	19944.9
3629	20009.3
3630	20229.1
3631	20178.7
3632	19908.1
3633	19450.0
3634	18914.6
3635	18447.2
3636	18027.0
3637	17620.8
3638	17202.4
3639	16761.7
3640	16308.3
3641	15861.3
3642	15437.0
3643	15042.4
3644	14671.7
3645	14311.1
3646	13946.2
3647	13572.0
3648	13190.9
3649	12813.1
3650	12449.0
3651	12103.9
3652	11775.8
3653	11456.7
3654	11138.1
3655	10815.8
3656	10491.3
3657	10169.4
3658	9856.4
3659	9557.0
3660	9270.7
3661	8991.5
3662	8717.3
3663	8445.0
3664	8173.3
3665	7903.2
3666	7638.3
3667	7381.3
3668	7133.5
3669	6894.0
3670	6659.5
3671	6428.2
3672	6199.0
3673	5974.5
3674	5756.2
3675	5542.8
3676	5336.0
3677	5133.2
3678	4926.9
3679	4713.8
3680	4496.6
3681	4278.3
3682	4061.3
3683	3847.9
3684	3639.8
3685	3436.5
3686	3237.3
3687	3043.3
3688	2856.6
3689	2676.5
3690	2502.5
3691	2335.4
3692	2177.8
3693	2028.7
3694	1888.2
3695	1755.6
3696	1630.3
3697	1512.3
3698	1401.2
3699	1296.8
3700	1199.9
3701	1111.1
3702	1028.9
3703	953.3
3704	882.8
3705	817.4
3706	757.5
3707	702.4
3708	651.3
3709	604.7
3710	562.7
3711	523.9
3712	488.6
3713	455.3
3714	423.9
3715	395.0
3716	369.4
3717	348.6
3718	327.6
3719	305.1
3720	287.0
3721	271.3
3722	256.8
3723	241.9
3724	227.9
3725	216.0
3726	207.0
3727	198.8
3728	190.7
3729	182.3
3730	173.6
3731	165.0
3732	157.4
3733	150.2
3734	143.6
3735	137.7
3736	133.0
3737	128.7
3738	124.3
3739	119.1
3740	113.4
3741	107.9
3742	103.4
3743	99.2
3744	95.2
3745	91.9
3746	88.8
3747	85.7
3748	81.7
3749	78.3
3750	74.7
3751	71.5
3752	68.1
3753	65.6
3754	63.5
3755	61.8
3756	60.7
3757	57.7
3758	55.2
3759	53.0
3760	50.8
3761	48.1
3762	45.5
3763	43.5
3764	41.5
3765	37.9
3766	34.4
3767	31.9
3768	29.4
3769	27.0
3770	24.1
3771	21.9
3772	20.2
3773	19.0
3774	16.9
3775	15.4
3776	13.3
3777	11.1
3778	10.2
3779	9.6
3780	7.4
3781	4.9
3782	2.7
3783	0.9
3784	-0.4
3785	-1.7
3786	-3.2
3787	-5.0
3788	-5.6
3789	-6.0
3790	-7.0
3791	-8.9
3792	-11.1
3793	-12.8
3794	-14.0
3795	-14.4
3796	-14.9
3797	-16.0
3798	-17.9
3799	-19.4
3800	-20.3
3801	-21.0
3802	-22.5
3803	-24.1
3804	-25.5
3805	-26.1
3806	-26.9
3807	-28.0
3808	-27.9
3809	-28.2
3810	-29.6
3811	-31.5
3812	-32.9
3813	-34.5
3814	-35.2
3815	-36.0
3816	-36.2
3817	-37.2
3818	-38.5
3819	-39.2
3820	-40.0
3821	-40.5
3822	-40.9
3823	-41.9
3824	-42.9
3825	-43.5
3826	-44.0
3827	-45.1
3828	-46.0
3829	-46.1
3830	-45.8
3831	-45.7
3832	-46.8
3833	-47.3
3834	-47.7
3835	-48.4
3836	-49.9
3837	-50.6
3838	-51.0
3839	-50.7
3840	-50.6
3841	-51.6
3842	-53.0
3843	-53.9
3844	-54.7
3845	-55.2
3846	-55.0
3847	-55.1
3848	-56.0
3849	-57.0
3850	-56.9
3851	-56.6
3852	-57.0
3853	-58.4
3854	-59.3
3855	-58.8
3856	-58.7
3857	-59.4
3858	-59.7
3859	-60.3
3860	-60.4
3861	-60.6
3862	-61.2
3863	-61.6
3864	-61.2
3865	-61.0
3866	-61.3
3867	-62.4
3868	-62.8
3869	-63.4
3870	-63.9
3871	-63.6
3872	-62.5
3873	-62.2
3874	-62.6
3875	-63.1
3876	-64.3
3877	-65.1
3878	-65.8
3879	-66.1
3880	-66.5
3881	-66.8
3882	-66.6
3883	-65.3
3884	-65.2
3885	-67.1
3886	-68.1
3887	-68.3
3888	-68.2
3889	-68.5
3890	-69.2
3891	-68.8
3892	-68.9
3893	-69.3
3894	-69.6
3895	-70.1
3896	-69.9
3897	-70.3
3898	-70.3
3899	-70.3
3900	-70.7
3901	-71.1
3902	-70.9
3903	-70.0
3904	-70.5
3905	-71.6
3906	-72.1
3907	-72.8
3908	-73.1
3909	-72.5
3910	-72.9
3911	-73.3
3912	-73.3
3913	-72.7
3914	-73.3
3915	-74.0
3916	-74.3
3917	-74.6
3918	-74.5
3919	-74.2
3920	-74.2
3921	-74.9
3922	-75.3
3923	-74.8
3924	-75.0
3925	-75.4
3926	-75.2
3927	-75.6
3928	-76.0
3929	-75.7
3930	-75.4
3931	-75.0
3932	-73.3
3933	-75.0
3934	-76.1
3935	-74.8
3936	-74.4
3937	-75.4
3938	-76.4
3939	-76.4
3940	-76.4
3941	-76.0
3942	-75.7
3943	-75.7
3944	-76.1
3945	-77.0
3946	-77.8
3947	-78.2
3948	-78.4
3949	-78.2
3950	-78.0
3951	-77.7
3952	-77.9
3953	-78.2
3954	-77.7
3955	-77.3
3956	-76.9
3957	-77.2
3958	-78.9
3959	-79.1
3960	-79.3
3961	-78.9
3962	-79.0
3963	-79.1
3964	-79.1
3965	-78.2
3966	-78.0
3967	-78.7
3968	-80.3
3969	-80.4
3970	-79.8
3971	-79.8
3972	-80.2
3973	-80.5
3974	-80.6
3975	-80.5
3976	-80.8
3977	-80.7
3978	-80.2
3979	-80.7
3980	-80.3
3981	-79.2
3982	-79.1
3983	-80.3
3984	-79.7
3985	-79.1
3986	-79.9
3987	-80.0
3988	-80.1
3989	-79.8
3990	-79.8
3991	-80.1
3992	-80.4
3993	-80.9
3994	-81.4
3995	-81.3
3996	-81.5
3997	-81.6
3998	-81.8
3999	-81.9
4000	-82.0
4001	-82.1
4002	-81.8
4003	-81.4
4004	-80.8
4005	-80.8
4006	-81.5
4007	-81.2
4008	-79.9
4009	-80.3
4010	-81.9
4011	-82.3
4012	-82.0
4013	-82.0
4014	-82.4
4015	-82.8
4016	-82.6
4017	-82.6
4018	-82.8
4019	-83.2
4020	-82.9
4021	-83.2
4022	-82.8
4023	-82.3
4024	-82.5
4025	-83.1
4026	-83.6
4027	-82.8
4028	-82.5
4029	-82.7
4030	-83.1
4031	-83.2
4032	-74.1
4033	48.0
4034	414.2
4035	794.3
4036	1185.0
4037	1760.4
4038	2200.3
4039	2486.5
4040	2994.6
4041	3437.0
4042	3692.8
4043	4168.6
4044	4609.1
4045	4781.3
4046	5137.0
4047	5567.6
4048	5702.5
4049	5954.0
4050	6401.9
4051	6570.4
4052	6723.6
4053	7153.0
4054	7376.1
4055	7427.3
4056	7772.8
4057	8071.1
4058	8078.7
4059	8293.4
4060	8674.5
4061	8740.1
4062	8806.4
4063	9175.6
4064	9354.4
4065	9318.3
4066	9575.2
4067	9892.0
4068	9881.2
4069	9970.6
4070	10332.7
4071	10438.4
4072	10386.1
4073	10649.1
4074	10913.2
4075	10851.1
4076	10923.7
4077	11272.2
4078	11364.5
4079	11301.0
4080	11548.9
4081	11800.3
4082	11723.7
4083	11771.2
4084	12104.1
4085	12190.0
4086	12092.6
4087	12300.2
4088	12569.0
4089	12498.1
4090	12477.0
4091	12777.3
4092	12907.4
4093	12778.2
4094	12894.9
4095	13200.1
4096	13187.9
4097	13084.9
4098	13311.9
4099	13526.6
4100	13416.1
4101	13403.3
4102	13694.6
4103	13793.9
4104	13645.2
4105	13738.3
4106	14024.5
4107	14002.5
4108	13862.3
4109	14046.3
4110	14287.8
4111	14197.8
4112	14130.3
4113	14384.6
4114	14527.1
4115	14377.9
4116	14399.3
4117	14689.2
4118	14734.5
4119	14572.2
4120	14674.7
4121	14941.2
4122	14894.8
4123	14750.7
4124	14930.6
4125	15156.9
4126	15049.9
4127	14961.2
4128	15199.9
4129	15353.8
4130	15200.1
4131	15173.4
4132	15441.8
4133	15516.6
4134	15340.2
4135	15378.6
4136	15655.0
4137	15665.8
4138	15496.2
4139	15604.9
4140	15865.8
4141	15814.9
4142	15698.8
4143	15909.4
4144	16126.5
4145	16016.0
4146	15962.4
4147	16216.3
4148	16334.1
4149	16177.1
4150	16189.6
4151	16462.4
4152	16501.3
4153	16334.3
4154	16412.2
4155	16670.9
4156	16636.6
4157	16478.1
4158	16612.9
4159	16847.8
4160	16768.2
4161	16640.6
4162	16818.2
4163	17008.3
4164	16884.4
4165	16799.8
4166	17028.6
4167	17173.0
4168	17013.0
4169	16957.1
4170	17200.9
4171	17299.7
4172	17132.2
4173	17128.4
4174	17387.5
4175	17432.3
4176	17252.4
4177	17290.3
4178	17555.6
4179	17563.9
4180	17400.9
4181	17490.3
4182	17727.8
4183	17669.4
4184	17503.4
4185	17620.9
4186	17846.5
4187	17762.2
4188	17604.5
4189	17741.4
4190	17946.6
4191	17838.9
4192	17692.4
4193	17852.3
4194	18048.0
4195	17924.6
4196	17792.5
4197	17969.8
4198	18144.0
4199	18008.7
4200	17897.0
4201	18088.1
4202	18242.0
4203	18097.2
4204	18016.1
4205	18230.3
4206	18355.7
4207	18179.2
4208	18085.2
4209	18300.2
4210	18425.7
4211	18254.0
4212	18167.5
4213	18379.5
4214	18490.9
4215	18326.6
4216	18282.0
4217	18526.3
4218	18620.8
4219	18443.5
4220	18399.1
4221	18625.0
4222	18683.0
4223	18480.2
4224	18420.3
4225	18648.6
4226	18725.3
4227	18530.8
4228	18463.0
4229	18677.9
4230	18760.0
4231	18567.6
4232	18484.5
4233	18697.9
4234	18810.4
4235	18645.6
4236	18575.6
4237	18784.2
4238	18870.9
4239	18677.2
4240	18585.1
4241	18792.5
4242	18909.0
4243	18727.2
4244	18612.4
4245	18798.3
4246	18928.2
4247	18754.7
4248	18626.6
4249	18804.6
4250	18960.7
4251	18807.6
4252	18674.9
4253	18840.4
4254	19000.7
4255	18848.5
4256	18709.8
4257	18874.4
4258	19051.0
4259	18909.2
4260	18750.8
4261	18895.0
4262	19084.7
4263	18956.1
4264	18786.5
4265	18906.4
4266	19105.1
4267	19005.7
4268	18882.0
4269	19057.7
4270	19273.2
4271	19169.0
4272	19038.6
4273	19191.3
4274	19364.0
4275	19231.9
4276	19086.2
4277	19227.8
4278	19409.8
4279	19281.5
4280	19122.4
4281	19253.6
4282	19450.5
4283	19337.5
4284	19163.2
4285	19267.3
4286	19472.1
4287	19378.9
4288	19190.9
4289	19263.3
4290	19479.9
4291	19411.3
4292	19216.8
4293	19268.5
4294	19494.3
4295	19454.1
4296	19256.2
4297	19280.2
4298	19507.6
4299	19493.9
4300	19312.8
4301	19347.3
4302	19583.0
4303	19570.6
4304	19363.0
4305	19350.7
4306	19576.4
4307	19594.4
4308	19387.0
4309	19339.2
4310	19556.9
4311	19613.0
4312	19410.2
4313	19326.2
4314	19528.7
4315	19628.3
4316	19446.8
4317	19345.7
4318	19536.4
4319	19659.8
4320	19485.6
4321	19354.0
4322	19513.4
4323	19668.0
4324	19517.8
4325	19361.4
4326	19499.1
4327	19686.9
4328	19563.6
4329	19395.3
4330	19509.8
4331	19711.1
4332	19605.3
4333	19419.5
4334	19499.7
4335	19716.5
4336	19641.7
4337	19441.4
4338	19488.2
4339	19720.7
4340	19689.9
4341	19492.1
4342	19507.3
4343	19731.7
4344	19720.6
4345	19512.2
4346	19487.5
4347	19709.9
4348	19747.3
4349	19545.6
4350	19481.3
4351	19688.2
4352	19763.2
4353	19569.7
4354	19466.6
4355	19652.5
4356	19775.2
4357	19598.7
4358	19457.4
4359	19611.4
4360	19772.8
4361	19627.5
4362	19465.1
4363	19585.9
4364	19777.1
4365	19666.1
4366	19490.2
4367	19579.5
4368	19790.0
4369	19710.6
4370	19517.2
4371	19568.5
4372	19789.0
4373	19741.9
4374	19534.8
4375	19537.4
4376	19762.7
4377	19769.5
4378	19565.2
4379	19529.8
4380	19749.6
4381	19795.0
4382	19593.5
4383	19518.4
4384	19724.0
4385	19819.2
4386	19633.4
4387	19521.3
4388	19697.4
4389	19831.1
4390	19668.7
4391	19531.9
4392	19684.0
4393	19852.4
4394	19714.8
4395	19550.0
4396	19660.1
4397	19852.5
4398	19745.3
4399	19552.1
4400	19618.4
4401	19838.2
4402	19779.9
4403	19593.3
4404	19645.7
4405	19877.7
4406	19844.4
4407	19642.1
4408	19644.2
4409	19867.4
4410	19872.5
4411	19662.4
4412	19611.1
4413	19821.0
4414	19881.4
4415	19685.2
4416	19599.6
4417	19801.3
4418	19909.6
4419	19732.6
4420	19623.0
4421	19800.4
4422	19934.7
4423	19763.3
4424	19604.8
4425	19737.6
4426	19919.5
4427	19797.9
4428	19639.4
4429	19758.8
4430	19963.0
4431	19855.6
4432	19563.2
4433	19124.8
4434	18614.8
4435	18163.4
4436	17751.9
4437	17350.6
4438	16936.6
4439	16503.0
4440	16060.3
4441	15625.2
4442	15212.9
4443	14829.0
4444	14467.0
4445	14112.3
4446	13752.7
4447	13383.1
4448	13008.6
4449	12639.7
4450	12284.8
4451	11948.2
4452	11627.6
4453	11314.8
4454	11002.7
4455	10686.9
4456	10368.2
4457	10053.2
4458	9748.7
4459	9455.6
4460	9174.9
4461	8902.4
4462	8633.7
4463	8366.8
4464	8099.3
4465	7832.9
4466	7572.1
4467	7320.8
4468	7078.3
4469	6843.3
4470	6613.0
4471	6385.9
4472	6162.0
4473	5940.6
4474	5724.5
4475	5514.6
4476	5310.8
4477	5113.8
4478	4921.4
4479	4723.7
4480	4519.0
4481	4311.5
4482	4103.7
4483	3897.0
4484	3693.3
4485	3493.8
4486	3300.1
4487	3110.9
4488	2926.2
4489	2747.2
4490	2574.9
4491	2410.4
4492	2254.4
4493	2103.8
4494	1959.0
4495	1823.8
4496	1696.2
4497	1576.4
4498	1462.9
4499	1356.1
4500	1257.6
4501	1166.7
4502	1082.4
4503	1004.1
4504	930.2
4505	861.8
4506	798.9
4507	741.1
4508	687.8
4509	639.8
4510	597.2
4511	557.0
4512	518.3
4513	481.8
4514	449.2
4515	419.3
4516	391.6
4517	366.2
4518	343.8
4519	323.5
4520	304.3
4521	286.7
4522	270.3
4523	255.4
4524	242.0
4525	229.4
4526	217.5
4527	207.0
4528	196.5
4529	187.5
4530	179.7
4531	173.4
4532	167.7
4533	160.5
4534	153.8
4535	147.9
4536	141.6
4537	134.6
4538	128.3
4539	122.9
4540	118.3
4541	114.0
4542	110.2
4543	107.1
4544	104.3
4545	100.6
4546	96.7
4547	92.7
4548	88.4
4549	84.0
4550	80.6
4551	78.1
4552	75.4
4553	72.2
4554	69.2
4555	66.1
4556	64.3
4557	62.3
4558	58.3
4559	53.8
4560	50.9
4561	50.1
4562	49.3
4563	47.5
4564	44.2
4565	40.7
4566	37.4
4567	34.7
4568	32.0
4569	31.0
4570	30.9
4571	30.3
4572	27.3
4573	23.5
4574	20.5
4575	18.2
4576	17.1
4577	16.0
4578	14.0
4579	12.2
4580	10.5
4581	9.5
4582	7.7
4583	5.5
4584	3.5
4585	2.0
4586	1.0
4587	0.0
4588	-1.4
4589	-2.9
4590	-4.2
4591	-6.1
4592	-8.3
4593	-9.2
4594	-9.9
4595	-10.1
4596	-12.0
4597	-14.0
4598	-13.5
4599	-11.6
4600	-14.7
4601	-17.6
4602	-19.3
4603	-20.3
4604	-20.7
4605	-21.4
4606	-22.7
4607	-23.7
4608	-24.1
4609	-24.0
4610	-25.0
4611	-27.2
4612	-28.5
4613	-28.6
4614	-28.5
4615	-29.3
4616	-29.9
4617	-30.1
4618	-31.3
4619	-33.6
4620	-34.9
4621	-35.1
4622	-35.5
4623	-36.1
4624	-36.7
4625	-37.3
4626	-38.5
4627	-38.6
4628	-38.3
4629	-38.3
4630	-39.5
4631	-40.6
4632	-40.0
4633	-40.1
4634	-41.6
4635	-42.3
4636	-42.7
4637	-43.8
4638	-45.0
4639	-45.6
4640	-46.1
4641	-45.9
4642	-45.6
4643	-46.4
4644	-47.7
4645	-48.5
4646	-48.4
4647	-47.9
4648	-47.9
4649	-48.9
4650	-50.2
4651	-50.8
4652	-51.0
4653	-50.3
4654	-50.3
4655	-51.6
4656	-52.6
4657	-53.7
4658	-53.7
4659	-53.0
4660	-53.5
4661	-55.0
4662	-55.3
4663	-55.5
4664	-55.2
4665	-54.4
4666	-54.8
4667	-54.7
4668	-55.3
4669	-56.8
4670	-57.3
4671	-57.9
4672	-58.3
4673	-58.1
4674	-57.2
4675	-57.3
4676	-58.5
4677	-59.6
4678	-58.3
4679	-57.7
4680	