-54.1
690	-55.1
691	-55.0
692	-53.7
693	-53.7
694	-57.2
695	-57.3
696	-55.0
697	-53.3
698	-56.3
699	-62.0
700	-64.0
701	-60.7
702	-56.1
703	-55.5
704	-59.0
705	-62.0
706	-60.9
707	-57.5
708	-56.4
709	-59.3
710	-62.6
711	-62.8
712	-61.1
713	-59.8
714	-61.3
715	-63.9
716	-64.4
717	-63.1
718	-61.7
719	-61.8
720	-61.7
721	-62.3
722	-65.2
723	-68.4
724	-66.4
725	-60.0
726	-58.2
727	-63.0
728	-69.8
729	-72.5
730	-68.3
731	-62.6
732	-61.3
733	-64.5
734	-67.0
735	-66.8
736	-65.5
737	-65.8
738	-67.9
739	-69.3
740	-67.6
741	-65.5
742	-65.4
743	-68.2
744	-70.2
745	-69.9
746	-68.6
747	-68.0
748	-68.1
749	-68.2
750	-65.5
751	-66.4
752	-69.3
753	-69.1
754	-68.6
755	-68.9
756	-69.4
757	-69.4
758	-69.0
759	-68.2
760	-68.8
761	-69.9
762	-69.4
763	-69.1
764	-70.0
765	-70.4
766	-70.7
767	-70.6
768	-70.6
769	-70.6
770	-71.4
771	-71.9
772	-71.7
773	-71.3
774	-71.4
775	-72.1
776	-72.2
777	-72.0
778	-71.5
779	-72.1
780	-73.2
781	-72.9
782	-72.0
783	-72.0
784	-72.8
785	-73.3
786	-73.3
787	-72.6
788	-72.1
789	-73.0
790	-73.3
791	-72.3
792	-72.1
793	-72.5
794	-73.8
795	-73.8
796	-73.6
797	-73.3
798	-73.1
799	-73.2
800	-73.9
801	-73.9
802	-72.2
803	-71.2
804	-71.7
805	-73.2
806	-74.5
807	-74.8
808	-74.5
809	-74.2
810	-74.5
811	-74.9
812	-74.2
813	-73.1
814	-72.6
815	-73.5
816	-74.0
817	-74.6
818	-75.3
819	-75.4
820	-75.7
821	-74.9
822	-74.1
823	-74.1
824	-74.1
825	-74.4
826	-75.0
827	-76.9
828	-77.3
829	-75.8
830	-74.5
831	-73.5
832	-48.7
833	93.6
834	362.9
835	798.9
836	1483.8
837	2041.5
838	2472.3
839	3072.8
840	3483.2
841	3899.4
842	4493.8
843	4848.2
844	5284.1
845	5812.9
846	6061.9
847	6460.2
848	6893.1
849	7077.6
850	7482.4
851	7877.6
852	8045.3
853	8454.6
854	8804.3
855	8918.6
856	9289.0
857	9602.8
858	9694.8
859	10059.6
860	10374.4
861	10454.9
862	10795.1
863	11099.4
864	11146.8
865	11442.7
866	11759.4
867	11809.6
868	12082.3
869	12408.1
870	12438.1
871	12650.6
872	12985.8
873	13014.4
874	13151.7
875	13503.0
876	13569.4
877	13636.5
878	13983.0
879	14110.7
880	14122.0
881	14430.1
882	14624.8
883	14600.4
884	14839.6
885	15108.1
886	15089.3
887	15237.9
888	15556.4
889	15589.0
890	15656.8
891	15984.0
892	16083.1
893	16071.2
894	16348.1
895	16536.3
896	16486.0
897	16664.3
898	16936.8
899	16925.1
900	17010.2
901	17320.0
902	17372.6
903	17338.6
904	17595.5
905	17765.9
906	17696.0
907	17836.6
908	18105.9
909	18083.2
910	18082.2
911	18357.5
912	18471.0
913	18410.0
914	18596.8
915	18832.3
916	18782.5
917	18823.5
918	19097.1
919	19147.4
920	19079.5
921	19282.6
922	19486.7
923	19421.2
924	19478.0
925	19747.4
926	19775.8
927	19711.3
928	19919.1
929	20111.1
930	20043.4
931	20100.2
932	20360.8
933	20386.1
934	20312.9
935	20498.7
936	20684.3
937	20602.9
938	20623.9
939	20879.8
940	20938.0
941	20850.3
942	20997.9
943	21208.7
944	21145.4
945	21125.0
946	21358.5
947	21463.6
948	21377.5
949	21481.7
950	21712.2
951	21678.0
952	21612.0
953	21802.7
954	21953.3
955	21853.7
956	21865.8
957	22102.9
958	22148.3
959	22043.4
960	22154.1
961	22369.3
962	22318.9
963	22257.2
964	22443.4
965	22577.9
966	22470.4
967	22475.4
968	22705.3
969	22753.7
970	22643.7
971	22731.9
972	22944.1
973	22902.5
974	22822.8
975	22986.9
976	23145.4
977	23048.5
978	23023.5
979	23232.1
980	23311.7
981	23193.7
982	23237.2
983	23460.9
984	23463.5
985	23358.7
986	23474.3
987	23673.1
988	23614.9
989	23554.7
990	23729.3
991	23861.0
992	23755.5
993	23747.7
994	23958.8
995	24018.1
996	23899.6
997	23948.5
998	24158.8
999	24146.8
1000	24045.8
1001	24158.8
1002	24349.2
1003	24288.7
1004	24223.6
1005	24386.6
1006	24525.9
1007	24426.4
1008	24404.8
1009	24599.1
1010	24671.7
1011	24547.4
1012	24565.9
1013	24771.7
1014	24786.0
1015	24663.3
1016	24730.9
1017	24932.6
1018	24894.2
1019	24792.1
1020	24911.9
1021	25091.1
1022	25012.7
1023	24934.2
1024	25079.5
1025	25216.4
1026	25109.5
1027	25058.1
1028	25224.8
1029	25316.7
1030	25189.2
1031	25178.3
1032	25385.8
1033	25445.7
1034	25320.7
1035	25343.7
1036	25537.9
1037	25538.6
1038	25414.9
1039	25472.8
1040	25663.8
1041	25622.7
1042	25502.1
1043	25585.8
1044	25764.9
1045	25699.4
1046	25616.0
1047	25754.2
1048	25916.8
1049	25835.6
1050	25778.0
1051	25932.2
1052	26041.8
1053	25922.0
1054	25876.2
1055	26039.6
1056	26117.6
1057	25983.3
1058	25951.9
1059	26126.0
1060	26178.8
1061	26039.7
1062	26030.1
1063	26215.0
1064	26245.7
1065	26109.2
1066	26127.9
1067	26320.6
1068	26320.5
1069	26189.9
1070	26242.5
1071	26440.6
1072	26414.5
1073	26294.9
1074	26367.2
1075	26542.7
1076	26477.4
1077	26376.1
1078	26485.5
1079	26649.7
1080	26562.9
1081	26479.1
1082	26622.8
1083	26769.3
1084	26661.6
1085	26592.0
1086	26742.7
1087	26856.6
1088	26740.3
1089	26697.5
1090	26866.9
1091	26939.7
1092	26799.6
1093	26770.8
1094	26946.8
1095	26996.2
1096	26860.9
1097	26869.9
1098	27064.7
1099	27081.9
1100	26943.3
1101	26969.3
1102	27161.4
1103	27151.2
1104	27015.2
1105	27056.8
1106	27241.6
1107	27204.5
1108	27069.7
1109	27125.7
1110	27301.6
1111	27248.4
1112	27130.0
1113	27212.4
1114	27382.0
1115	27304.5
1116	27200.3
1117	27322.4
1118	27500.1
1119	27431.6
1120	27367.3
1121	27516.8
1122	27639.9
1123	27526.3
1124	27482.1
1125	27650.9
1126	27737.8
1127	27607.0
1128	27579.0
1129	27751.4
1130	27802.3
1131	27668.7
1132	27664.2
1133	27846.5
1134	27884.2
1135	27759.2
1136	27767.1
1137	27931.7
1138	27918.0
1139	27787.9
1140	27825.2
1141	28008.3
1142	27981.5
1143	27843.5
1144	27887.9
1145	28059.3
1146	28006.6
1147	27865.6
1148	27907.2
1149	28073.7
1150	28019.0
1151	27886.7
1152	27943.3
1153	28108.4
1154	28038.9
1155	27899.3
1156	27948.5
1157	28113.5
1158	28050.4
1159	27912.3
1160	27955.3
1161	28110.3
1162	28038.1
1163	27888.1
1164	27923.9
1165	28090.2
1166	28035.8
1167	27884.1
1168	27907.7
1169	28069.5
1170	28024.4
1171	27875.7
1172	27899.6
1173	28066.5
1174	28032.1
1175	27887.7
1176	27912.0
1177	28079.9
1178	28046.0
1179	27897.1
1180	27920.2
1181	28093.8
1182	28067.5
1183	27923.1
1184	27940.2
1185	28102.8
1186	28066.0
1187	27912.5
1188	27926.5
1189	28095.6
1190	28073.6
1191	27919.3
1192	27921.9
1193	28087.9
1194	28070.9
1195	27919.0
1196	27925.7
1197	28098.9
1198	28088.2
1199	27928.7
1200	27920.0
1201	28086.4
1202	28092.4
1203	27952.5
1204	27964.0
1205	28148.5
1206	28147.9
1207	28010.2
1208	28043.5
1209	28228.4
1210	28212.9
1211	28090.6
1212	28150.4
1213	28334.3
1214	28296.7
1215	28177.3
1216	28244.8
1217	28414.9
1218	28347.3
1219	28221.1
1220	28293.4
1221	28459.4
1222	28382.5
1223	28263.4
1224	28347.4
1225	28506.2
1226	28423.9
1227	28320.4
1228	28421.5
1229	28569.7
1230	28470.8
1231	28359.0
1232	28335.8
1233	28027.8
1234	27436.2
1235	26850.7
1236	26313.3
1237	25804.5
1238	25299.7
1239	24781.4
1240	24248.3
1241	23712.0
1242	23188.5
1243	22689.7
1244	22215.3
1245	21753.9
1246	21293.2
1247	20825.7
1248	20351.6
1249	19877.5
1250	19412.9
1251	18964.4
1252	18532.1
1253	18109.6
1254	17689.6
1255	17267.5
1256	16843.3
1257	16420.3
1258	16005.7
1259	15602.0
1260	15209.3
1261	14824.7
1262	14443.7
1263	14064.9
1264	13688.6
1265	13315.2
1266	12947.4
1267	12588.1
1268	12237.8
1269	11894.4
1270	11556.8
1271	11221.9
1272	10889.9
1273	10563.8
1274	10240.2
1275	9923.0
1276	9613.7
1277	9311.2
1278	9015.0
1279	8724.2
1280	8438.1
1281	8156.5
1282	7879.6
1283	7607.7
1284	7341.9
1285	7082.5
1286	6827.9
1287	6578.5
1288	6333.9
1289	6090.6
1290	5842.3
1291	5587.0
1292	5327.6
1293	5065.9
1294	4805.8
1295	4549.9
1296	4299.2
1297	4054.0
1298	3815.2
1299	3584.5
1300	3362.2
1301	3149.6
1302	2946.6
1303	2754.2
1304	2573.9
1305	2403.2
1306	2240.9
1307	2086.6
1308	1942.0
1309	1806.8
1310	1679.4
1311	1560.2
1312	1449.6
1313	1346.1
1314	1249.6
1315	1160.5
1316	1077.1
1317	1000.3
1318	929.9
1319	864.7
1320	805.8
1321	750.7
1322	700.2
1323	654.7
1324	612.5
1325	572.9
1326	537.0
1327	505.2
1328	475.9
1329	447.8
1330	421.0
1331	397.4
1332	375.7
1333	355.8
1334	339.2
1335	322.6
1336	306.8
1337	292.4
1338	278.0
1339	265.0
1340	253.1
1341	242.2
1342	232.2
1343	222.4
1344	213.1
1345	204.9
1346	196.7
1347	189.4
1348	182.4
1349	175.0
1350	167.9
1351	161.6
1352	155.7
1353	149.7
1354	143.9
1355	138.4
1356	133.2
1357	128.8
1358	124.1
1359	118.7
1360	114.0
1361	110.1
1362	106.3
1363	102.5
1364	99.2
1365	96.2
1366	91.3
1367	88.0
1368	83.9
1369	79.3
1370	75.8
1371	73.1
1372	70.1
1373	66.6
1374	63.3
1375	60.4
1376	57.3
1377	54.9
1378	53.3
1379	51.6
1380	48.2
1381	44.3
1382	41.2
1383	39.4
1384	37.4
1385	35.0
1386	33.1
1387	31.4
1388	29.1
1389	27.1
1390	24.3
1391	21.4
1392	19.6
1393	17.8
1394	16.2
1395	14.2
1396	12.4
1397	11.8
1398	10.9
1399	8.4
1400	6.3
1401	4.2
1402	2.3
1403	1.1
1404	-0.4
1405	-1.8
1406	-3.3
1407	-5.2
1408	-7.0
1409	-7.4
1410	-8.6
1411	-10.2
1412	-11.3
1413	-12.6
1414	-13.8
1415	-14.4
1416	-16.1
1417	-17.5
1418	-18.3
1419	-19.4
1420	-20.2
1421	-21.3
1422	-22.9
1423	-23.7
1424	-24.4
1425	-24.7
1426	-24.4
1427	-25.5
1428	-27.3
1429	-27.7
1430	-29.2
1431	-30.7
1432	-31.5
1433	-32.5
1434	-33.3
1435	-34.1
1436	-34.7
1437	-36.1
1438	-36.0
1439	-35.8
1440	-37.0
1441	-39.0
1442	-40.0
1443	-40.2
1444	-40.6
1445	-41.4
1446	-42.5
1447	-42.9
1448	-43.4
1449	-44.1
1450	-44.6
1451	-45.3
1452	-45.6
1453	-46.5
1454	-47.5
1455	-47.8
1456	-48.0
1457	-47.5
1458	-47.1
1459	-48.0
1460	-49.7
1461	-50.7
1462	-51.3
1463	-51.7
1464	-52.2
1465	-52.7
1466	-52.8
1467	-53.4
1468	-53.2
1469	-54.0
1470	-55.1
1471	-55.4
1472	-55.8
1473	-56.6
1474	-56.6
1475	-56.9
1476	-56.8
1477	-56.7
1478	-55.8
1479	-56.5
1480	-58.2
1481	-59.0
1482	-59.4
1483	-59.4
1484	-59.3
1485	-60.0
1486	-60.5
1487	-60.6
1488	-61.0
1489	-61.3
1490	-61.0
1491	-60.6
1492	-61.0
1493	-61.9
1494	-62.8
1495	-62.6
1496	-62.0
1497	-62.1
1498	-62.9
1499	-64.2
1500	-64.0
1501	-64.1
1502	-64.9
1503	-65.3
1504	-65.3
1505	-65.9
1506	-66.1
1507	-66.3
1508	-66.3
1509	-66.2
1510	-66.5
1511	-67.1
1512	-67.5
1513	-68.3
1514	-68.1
1515	-68.0
1516	-68.0
1517	-67.9
1518	-67.9
1519	-68.3
1520	-69.0
1521	-69.1
1522	-68.9
1523	-69.1
1524	-69.6
1525	-67.6
1526	-68.1
1527	-68.1
1528	-68.0
1529	-69.1
1530	-70.4
1531	-70.4
1532	-69.8
1533	-70.2
1534	-70.7
1535	-71.3
1536	-71.3
1537	-70.8
1538	-70.9
1539	-70.9
1540	-71.6
1541	-72.0
1542	-72.6
1543	-72.7
1544	-71.3
1545	-71.0
1546	-71.3
1547	-71.5
1548	-72.2
1549	-72.8
1550	-73.8
1551	-73.9
1552	-73.5
1553	-73.0
1554	-73.3
1555	-73.2
1556	-73.1
1557	-73.5
1558	-73.6
1559	-73.2
1560	-73.4
1561	-74.1
1562	-73.8
1563	-72.5
1564	-71.7
1565	-70.9
1566	-71.1
1567	-72.3
1568	-72.9
1569	-72.6
1570	-71.4
1571	-71.0
1572	-72.5
1573	-73.7
1574	-73.3
1575	-72.4
1576	-72.3
1577	-73.3
1578	-73.4
1579	-73.1
1580	-73.4
1581	-73.2
1582	-73.6
1583	-74.2
1584	-74.2
1585	-73.7
1586	-73.4
1587	-74.9
1588	-75.2
1589	-75.4
1590	-75.7
1591	-76.1
1592	-75.9
1593	-75.5
1594	-74.7
1595	-74.8
1596	-75.6
1597	-75.1
1598	-75.0
1599	-75.5
1600	-76.4
1601	-76.0
1602	-75.4
1603	-76.1
1604	-76.7
1605	-76.5
1606	-76.2
1607	-76.1
1608	-76.4
1609	-76.4
1610	-77.4
1611	-78.0
1612	-76.4
1613	-75.3
1614	-76.6
1615	-77.6
1616	-77.8
1617	-77.7
1618	-76.9
1619	-77.5
1620	-78.4
1621	-78.7
1622	-77.9
1623	-78.0
1624	-78.3
1625	-78.1
1626	-77.6
1627	-76.9
1628	-77.0
1629	-78.1
1630	-79.2
1631	-78.7
1632	-50.2
1633	83.7
1634	334.3
1635	787.9
1636	1489.7
1637	2015.0
1638	2461.8
1639	3060.7
1640	3437.6
1641	3880.1
1642	4468.7
1643	4809.7
1644	5274.7
1645	5779.0
1646	6006.3
1647	6417.0
1648	6828.5
1649	7011.8
1650	7441.7
1651	7823.8
1652	7981.8
1653	8400.5
1654	8737.0
1655	8854.8
1656	9239.4
1657	9542.5
1658	9630.7
1659	9996.5
1660	10295.0
1661	10364.8
1662	10701.6
1663	11000.4
1664	11031.0
1665	11305.0
1666	11620.3
1667	11650.0
1668	11877.2
1669	12220.6
1670	12253.2
1671	12398.1
1672	12752.6
1673	12818.0
1674	12887.0
1675	13240.2
1676	13366.8
1677	13372.5
1678	13682.4
1679	13884.2
1680	13857.0
1681	14095.6
1682	14374.7
1683	14356.3
1684	14495.9
1685	14817.6
1686	14843.0
1687	14872.9
1688	15191.8
1689	15313.5
1690	15279.0
1691	15534.6
1692	15757.3
1693	15702.6
1694	15837.1
1695	16138.5
1696	16151.6
1697	16174.0
1698	16471.7
1699	16583.2
1700	16529.9
1701	16751.0
1702	16979.1
1703	16925.2
1704	17018.3
1705	17312.2
1706	17330.9
1707	17295.0
1708	17557.7
1709	17722.3
1710	17647.8
1711	17788.9
1712	18057.7
1713	18035.4
1714	18036.5
1715	18310.0
1716	18407.8
1717	18317.7
1718	18475.5
1719	18717.2
1720	18669.5
1721	18672.7
1722	18938.6
1723	19021.8
1724	18933.8
1725	19094.4
1726	19326.9
1727	19266.5
1728	19253.7
1729	19511.3
1730	19601.9
1731	19503.2
1732	19634.6
1733	19875.5
1734	19835.0
1735	19807.1
1736	20048.1
1737	20157.6
1738	20052.8
1739	20150.3
1740	20401.8
1741	20381.6
1742	20317.7
1743	20521.6
1744	20672.4
1745	20571.5
1746	20604.5
1747	20854.9
1748	20886.8
1749	20806.4
1750	20974.7
1751	21186.8
1752	21137.4
1753	21151.0
1754	21392.9
1755	21470.9
1756	21389.2
1757	21516.5
1758	21738.1
1759	21689.5
1760	21642.6
1761	21849.3
1762	21979.6
1763	21888.5
1764	21952.1
1765	22197.3
1766	22209.4
1767	22116.8
1768	22258.3
1769	22449.6
1770	22377.2
1771	22340.2
1772	22547.0
1773	22649.7
1774	22535.0
1775	22561.6
1776	22783.2
1777	22794.8
1778	22682.9
1779	22788.1
1780	22994.0
1781	22942.7
1782	22875.0
1783	23048.1
1784	23191.7
1785	23092.6
1786	23090.8
1787	23308.0
1788	23362.5
1789	23239.3
1790	23285.7
1791	23500.6
1792	23498.6
1793	23398.1
1794	23508.9
1795	23696.8
1796	23638.0
1797	23584.3
1798	23763.0
1799	23897.1
1800	23793.5
1801	23779.4
1802	23983.2
1803	24057.3
1804	23956.5
1805	24012.6
1806	24221.3
1807	24202.1
1808	24088.6
1809	24185.9
1810	24373.3
1811	24308.4
1812	24220.9
1813	24361.5
1814	24512.9
1815	24408.6
1816	24344.7
1817	24513.2
1818	24622.3
1819	24498.7
1820	24467.0
1821	24653.8
1822	24718.5
1823	24589.3
1824	24604.7
1825	24815.5
1826	24838.0
1827	24711.9
1828	24758.7
1829	24948.6
1830	24914.3
1831	24796.1
1832	24885.7
1833	25074.7
1834	25010.2
1835	24899.8
1836	25008.8
1837	25170.7
1838	25075.5
1839	24984.6
1840	25122.2
1841	25264.0
1842	25153.9
1843	25082.6
1844	25236.1
1845	25348.5
1846	25227.9
1847	25184.8
1848	25363.4
1849	25446.3
1850	25310.2
1851	25280.4
1852	25457.8
1853	25504.6
1854	25363.8
1855	25354.1
1856	25539.8
1857	25568.3
1858	25425.7
1859	25433.2
1860	25622.7
1861	25627.8
1862	25490.6
1863	25517.4
1864	25705.0
1865	25685.7
1866	25548.7
1867	25592.2
1868	25779.7
1869	25744.0
1870	25610.6
1871	25668.0
1872	25851.1
1873	25800.3
1874	25678.3
1875	25762.0
1876	25938.2
1877	25864.1
1878	25755.7
1879	25864.0
1880	26028.0
1881	25936.3
1882	25832.2
1883	25944.8
1884	26093.1
1885	25990.4
1886	25895.9
1887	26023.3
1888	26159.6
1889	26039.5
1890	25950.9
1891	26083.2
1892	26205.3
1893	26082.3
1894	26002.5
1895	26141.0
1896	26253.0
1897	26122.2
1898	26047.5
1899	26191.3
1900	26292.1
1901	26153.0
1902	26075.1
1903	26218.3
1904	26320.2
1905	26184.7
1906	26113.9
1907	26261.0
1908	26356.8
1909	26220.4
1910	26152.5
1911	26301.0
1912	26392.3
1913	26248.9
1914	26177.6
1915	26324.8
1916	26420.8
1917	26291.7
1918	26236.1
1919	26392.2
1920	26475.8
1921	26335.4
1922	26282.4
1923	26440.9
1924	26517.5
1925	26375.4
1926	26322.4
1927	26479.1
1928	26548.1
1929	26404.7
1930	26365.3
1931	26533.1
1932	26599.9
1933	26453.0
1934	26408.3
1935	26571.5
1936	26630.0
1937	26476.8
1938	26429.6
1939	26591.0
1940	26653.3
1941	26505.9
1942	26460.3
1943	26620.9
1944	26681.9
1945	26534.3
1946	26489.2
1947	26648.4
1948	26712.4
1949	26567.5
1950	26521.2
1951	26679.5
1952	26742.3
1953	26595.2
1954	26549.0
1955	26712.2
1956	26779.3
1957	26633.9
1958	26586.4
1959	26743.8
1960	26806.4
1961	26657.3
1962	26603.7
1963	26755.6
1964	26823.9
1965	26682.1
1966	26637.7
1967	26795.7
1968	26862.6
1969	26710.3
1970	26650.4
1971	26802.7
1972	26880.3
1973	26736.9
1974	26681.6
1975	26842.7
1976	26929.2
1977	26792.3
1978	26733.6
1979	26879.6
1980	26954.1
1981	26813.4
1982	26757.3
1983	26907.8
1984	26984.6
1985	26840.6
1986	26786.5
1987	26941.3
1988	27020.1
1989	26887.4
1990	26863.5
1991	27039.9
1992	27116.8
1993	26990.0
1994	26959.5
1995	27121.8
1996	27174.3
1997	27040.6
1998	27015.5
1999	27176.1
2000	27217.7
2001	27071.7
2002	27040.7
2003	27201.9
2004	27249.2
2005	27108.2
2006	27075.0
2007	27232.8
2008	27276.0
2009	27127.1
2010	27099.0
2011	27270.6
2012	27319.7
2013	27174.3
2014	27141.7
2015	27301.8
2016	27342.3
2017	27187.6
2018	27145.7
2019	27305.9
2020	27358.7
2021	27205.6
2022	27151.1
2023	27299.4
2024	27356.9
2025	27207.6
2026	27167.9
2027	27335.7
2028	27407.4
2029	27261.6
2030	27205.4
2031	27357.0
2032	27341.4
2033	26808.4
2034	26134.7
2035	25514.6
2036	24950.8
2037	24419.1
2038	23886.4
2039	23331.9
2040	22758.0
2041	22181.8
2042	21624.4
2043	21098.2
2044	20601.5
2045	20121.8
2046	19643.0
2047	19153.2
2048	18653.1
2049	18153.4
2050	17666.0
2051	17199.9
2052	16754.1
2053	16320.4
2054	15890.5
2055	15456.1
2056	15017.1
2057	14582.4
2058	14156.9
2059	13744.3
2060	13346.3
2061	12959.0
2062	12577.2
2063	12198.3
2064	11821.1
2065	11446.5
2066	11079.0
2067	10721.6
2068	10374.5
2069	10035.9
2070	9704.4
2071	9378.7
2072	9057.6
2073	8739.7
2074	8426.7
2075	8119.2
2076	7815.3
2077	7503.0
2078	7173.6
2079	6830.8
2080	6483.2
2081	6139.2
2082	5804.1
2083	5480.6
2084	5169.1
2085	4868.0
2086	4576.0
2087	4296.4
2088	4028.9
2089	3773.5
2090	3531.2
2091	3301.1
2092	3083.0
2093	2876.6
2094	2680.4
2095	2493.1
2096	2315.8
2097	2149.6
2098	1994.7
2099	1851.4
2100	1718.1
2101	1594.0
2102	1476.8
2103	1366.7
2104	1264.3
2105	1168.9
2106	1081.3
2107	1001.2
2108	928.2
2109	862.0
2110	800.5
2111	744.3
2112	692.6
2113	643.8
2114	599.3
2115	559.7
2116	523.6
2117	491.5
2118	462.8
2119	435.9
2120	410.9
2121	387.1
2122	365.4
2123	346.6
2124	329.2
2125	312.6
2126	297.3
2127	284.0
2128	271.1
2129	259.3
2130	247.9
2131	238.6
2132	229.8
2133	220.0
2134	209.3
2135	201.6
2136	195.5
2137	190.1
2138	182.6
2139	174.2
2140	167.1
2141	162.4
2142	158.3
2143	153.8
2144	148.0
2145	142.3
2146	136.3
2147	134.9
2148	131.5
2149	127.1
2150	120.5
2151	114.3
2152	109.7
2153	107.2
2154	103.8
2155	98.9
2156	94.2
2157	90.6
2158	87.2
2159	85.1
2160	81.2
2161	77.6
2162	73.6
2163	71.0
2164	68.8
2165	66.1
2166	62.4
2167	59.4
2168	57.4
2169	56.1
2170	53.7
2171	50.8
2172	47.9
2173	45.5
2174	43.4
2175	40.9
2176	37.8
2177	34.7
2178	33.0
2179	32.0
2180	29.9
2181	26.6
2182	23.9
2183	22.1
2184	20.6
2185	19.4
2186	17.6
2187	15.0
2188	12.9
2189	11.8
2190	10.4
2191	8.8
2192	6.5
2193	4.5
2194	3.7
2195	2.7
2196	1.1
2197	-1.0
2198	-2.9
2199	-3.2
2200	-4.5
2201	-6.2
2202	-7.9
2203	-9.0
2204	-9.6
2205	-10.7
2206	-11.9
2207	-12.1
2208	-11.9
2209	-12.3
2210	-12.3
2211	-13.0
2212	-14.8
2213	-16.2
2214	-17.3
2215	-19.0
2216	-20.1
2217	-22.1
2218	-24.1
2219	-25.1
2220	-25.9
2221	-26.7
2222	-27.4
2223	-27.9
2224	-28.4
2225	-29.5
2226	-30.6
2227	-31.7
2228	-32.6
2229	-33.5
2230	-34.1
2231	-34.6
2232	-35.7
2233	-36.4
2234	-37.7
2235	-38.0
2236	-37.8
2237	-38.3
2238	-38.4
2239	-38.8
2240	-39.1
2241	-40.2
2242	-41.4
2243	-42.1
2244	-42.6
2245	-43.3
2246	-43.5
2247	-43.1
2248	-43.0
2249	-43.6
2250	-45.4
2251	-46.5
2252	-46.9
2253	-47.0
2254	-47.8
2255	-48.6
2256	-48.6
2257	-49.1
2258	-49.9
2259	-50.8
2260	-50.7
2261	-50.6
2262	-51.3
2263	-51.7
2264	-52.5
2265	-53.1
2266	-53.2
2267	-53.6
2268	-53.7
2269	-54.2
2270	-54.5
2271	-53.6
2272	-53.5
2273	-54.4
2274	-55.2
2275	-54.8
2276	-54.9
2277	-55.0
2278	-55.0
2279	-55.6
2280	-56.4
2281	-57.9
2282	-58.6
2283	-58.5
2284	-58.1
2285	-57.9
2286	-58.5
2287	-59.0
2288	-59.2
2289	-59.0
2290	-59.5
2291	-60.7
2292	-60.3
2293	-58.9
2294	-58.5
2295	-59.6
2296	-61.1
2297	-62.7
2298	-62.1
2299	-60.6
2300	-60.1
2301	-60.5
2302	-60.9
2303	-61.5
2304	-62.8
2305	-62.9
2306	-62.4
2307	-63.6
2308	-65.7
2309	-65.5
2310	-63.8
2311	-63.0
2312	-64.0
2313	-66.4
2314	-66.5
2315	-64.6
2316	-63.9
2317	-65.0
2318	-66.7
2319	-67.4
2320	-66.4
2321	-65.1
2322	-65.3
2323	-66.3
2324	-67.7
2325	-68.5
2326	-67.6
2327	-65.7
2328	-64.8
2329	-65.9
2330	-66.8
2331	-67.5
2332	-67.4
2333	-66.2
2334	-66.3
2335	-67.9
2336	-68.7
2337	-68.4
2338	-68.0
2339	-68.1
2340	-69.0
2341	-69.6
2342	-69.4
2343	-69.1
2344	-69.0
2345	-69.7
2346	-69.6
2347	-69.9
2348	-69.7
2349	-69.3
2350	-69.5
2351	-70.7
2352	-71.1
2353	-70.0
2354	-69.4
2355	-70.1
2356	-71.2
2357	-71.3
2358	-71.1
2359	-70.5
2360	-69.9
2361	-69.0
2362	-69.1
2363	-69.0
2364	-69.6
2365	-70.6
2366	-71.1
2367	-71.4
2368	-71.6
2369	-72.0
2370	-72.4
2371	-71.5
2372	-70.0
2373	-70.8
2374	-71.1
2375	-71.6
2376	-71.9
2377	-72.0
2378	-71.8
2379	-71.4
2380	-71.0
2381	-71.5
2382	-72.2
2383	-72.1
2384	-72.1
2385	-72.4
2386	-72.9
2387	-72.7
2388	-72.3
2389	-72.2
2390	-72.7
2391	-72.6
2392	-72.5
2393	-72.2
2394	-71.8
2395	-72.1
2396	-72.7
2397	-73.2
2398	-73.5
2399	-73.1
2400	-72.9
2401	-73.3
2402	-73.8
2403	-73.6
2404	-73.3
2405	-73.6
2406	-74.0
2407	-73.9
2408	-73.5
2409	-73.9
2410	-73.8
2411	-73.8
2412	-74.5
2413	-74.8
2414	-74.5
2415	-73.9
2416	-73.2
2417	-73.1
2418	-73.4
2419	-74.2
2420	-73.6
2421	-73.9
2422	-74.4
2423	-74.4
2424	-74.6
2425	-74.7
2426	-74.9
2427	-74.8
2428	-74.9
2429	-74.4
2430	-74.8
2431	-74.8
2432	-75.7
2433	-65.7
2434	236.6
2435	912.1
2436	1471.7
2437	1944.1
2438	2554.6
2439	2953.3
2440	3373.7
2441	3955.7
2442	4311.8
2443	4765.8
2444	5311.5
2445	5581.5
2446	5982.8
2447	6427.6
2448	6616.5
2449	7007.3
2450	7422.2
2451	7596.3
2452	7990.3
2453	8372.1
2454	8496.5
2455	8844.4
2456	9189.1
2457	9276.5
2458	9595.8
2459	9945.1
2460	10025.7
2461	10318.4
2462	10672.2
2463	10728.5
2464	10954.5
2465	11308.5
2466	11367.7
2467	11543.5
2468	11913.2
2469	11995.1
2470	12105.6
2471	12467.6
2472	12585.6
2473	12633.4
2474	12970.9
2475	13143.2
2476	13140.5
2477	13423.8
2478	13665.2
2479	13640.9
2480	13835.8
2481	14139.4
2482	14140.2
2483	14231.1
2484	14560.0
2485	14630.9
2486	14628.9
2487	14919.4
2488	15085.7
2489	15035.1
2490	15249.0
2491	15533.3
2492	15527.0
2493	15644.9
2494	15962.4
2495	16012.8
2496	16035.4
2497	16326.9
2498	16452.2
2499	16397.9
2500	16603.0
2501	16839.6
2502	16788.8
2503	16850.7
2504	17132.6
2505	17169.2
2506	17110.8
2507	17344.0
2508	17533.3
2509	17452.6
2510	17535.7
2511	17812.3
2512	17824.2
2513	17779.3
2514	18018.3
2515	18174.5
2516	18083.8
2517	18178.8
2518	18444.5
2519	18437.8
2520	18380.5
2521	18604.4
2522	18759.1
2523	18664.4
2524	18730.8
2525	18992.1
2526	19003.1
2527	18936.1
2528	19142.2
2529	19316.4
2530	19228.2
2531	19272.5
2532	19534.4
2533	19571.0
2534	19490.7
2535	19665.5
2536	19860.6
2537	19779.7
2538	19777.0
2539	20024.9
2540	20103.2
2541	20018.2
2542	20154.9
2543	20378.1
2544	20325.8
2545	20295.4
2546	20528.3
2547	20644.8
2548	20549.0
2549	20642.0
2550	20894.5
2551	20893.5
2552	20835.8
2553	21026.5
2554	21177.0
2555	21077.6
2556	21090.0
2557	21326.6
2558	21373.3
2559	21265.7
2560	21369.0
2561	21580.9
2562	21530.0
2563	21456.8
2564	21641.9
2565	21791.6
2566	21696.7
2567	21713.3
2568	21940.7
2569	21981.3
2570	21878.8
2571	21988.7
2572	22203.5
2573	22155.1
2574	22072.2
2575	22236.1
2576	22389.4
2577	22290.2
2578	22259.5
2579	22462.2
2580	22539.8
2581	22427.3
2582	22495.4
2583	22734.7
2584	22739.8
2585	22653.6
2586	22793.8
2587	22975.9
2588	22902.7
2589	22856.4
2590	23042.2
2591	23150.3
2592	23036.9
2593	23038.2
2594	23246.3
2595	23285.2
2596	23165.3
2597	23226.8
2598	23435.8
2599	23409.2
2600	23302.3
2601	23415.0
2602	23593.9
2603	23516.5
2604	23435.5
2605	23587.0
2606	23726.9
2607	23620.7
2608	23573.1
2609	23755.2
2610	23849.8
2611	23724.4
2612	23712.7
2613	23908.1
2614	23952.4
2615	23824.4
2616	23852.5
2617	24055.2
2618	24055.4
2619	23937.4
2620	24011.6
2621	24204.8
2622	24160.4
2623	24058.2
2624	24168.2
2625	24339.8
2626	24260.9
2627	24177.7
2628	24322.9
2629	24463.6
2630	24356.9
2631	24304.8
2632	24479.2
2633	24580.5
2634	24461.1
2635	24450.8
2636	24647.4
2637	24708.8
2638	24585.8
2639	24596.6
2640	24786.6
2641	24798.0
2642	24667.5
2643	24705.7
2644	24897.6
2645	24879.9
2646	24768.4
2647	24858.6
2648	25049.2
2649	24991.9
2650	24885.3
2651	24996.9
2652	25168.1
2653	25090.4
2654	25006.2
2655	25134.0
2656	25268.5
2657	25158.6
2658	25082.0
2659	25228.7
2660	25345.1
2661	25220.7
2662	25154.5
2663	25306.9
2664	25406.9
2665	25282.4
2666	25234.8
2667	25398.4
2668	25477.0
2669	25350.3
2670	25331.2
2671	25512.5
2672	25566.2
2673	25432.7
2674	25424.7
2675	25606.4
2676	25635.9
2677	25502.6
2678	25512.2
2679	25694.1
2680	25695.7
2681	25552.8
2682	25572.0
2683	25754.8
2684	25746.2
2685	25618.8
2686	25668.9
2687	25860.9
2688	25842.6
2689	25735.6
2690	25828.4
2691	26019.2
2692	25968.4
2693	25876.2
2694	25991.5
2695	26148.6
2696	26062.0
2697	25986.5
2698	26124.1
2699	26257.5
2700	26150.6
2701	26081.4
2702	26224.2
2703	26333.3
2704	26222.5
2705	26188.3
2706	26359.1
2707	26438.0
2708	26303.3
2709	26263.8
2710	26426.8
2711	26485.4
2712	26350.9
2713	26325.0
2714	26491.6
2715	26532.6
2716	26385.8
2717	26355.6
2718	26516.4
2719	26551.7
2720	26403.4
2721	26368.4
2722	26527.8
2723	26565.9
2724	26415.8
2725	26381.0
2726	26541.6
2727	26583.7
2728	26434.6
2729	26396.2
2730	26550.3
2731	26591.8
2732	26441.4
2733	26400.0
2734	26558.7
2735	26612.1
2736	26464.8
2737	26416.5
2738	26566.1
2739	26622.9
2740	26478.0
2741	26431.9
2742	26586.3
2743	26650.0
2744	26508.5
2745	26466.3
2746	26623.1
2747	26684.2
2748	26540.5
2749	26492.0
2750	26643.4
2751	26703.6
2752	26552.3
2753	26491.2
2754	26637.7
2755	26711.8
2756	26568.6
2757	26503.6
2758	26646.6
2759	26728.4
2760	26593.2
2761	26531.9
2762	26675.4
2763	26760.2
2764	26627.1
2765	26580.3
2766	26740.6
2767	26822.2
2768	26683.5
2769	26628.1
2770	26778.6
2771	26854.9
2772	26720.7
2773	26676.9
2774	26832.3
2775	26900.3
2776	26758.6
2777	26703.3
2778	26843.8
2779	26915.9
2780	26773.7
2781	26707.2
2782	26844.6
2783	26925.4
2784	26782.1
2785	26706.8
2786	26839.4
2787	26934.2
2788	26800.7
2789	26722.7
2790	26850.9
2791	26955.1
2792	26831.7
2793	26758.0
2794	26889.0
2795	26990.4
2796	26856.4
2797	26777.3
2798	26914.6
2799	27035.3
2800	26927.0
2801	26869.3
2802	27015.2
2803	27113.2
2804	26988.5
2805	26931.9
2806	27079.4
2807	27169.0
2808	27041.8
2809	26982.8
2810	27121.8
2811	27199.9
2812	27063.2
2813	27000.4
2814	27139.9
2815	27222.9
2816	27082.1
2817	27005.8
2818	27132.6
2819	27224.3
2820	27090.1
2821	27011.0
2822	27135.1
2823	27236.5
2824	27105.6
2825	27022.2
2826	27143.2
2827	27252.9
2828	27132.1
2829	27064.8
2830	27206.8
2831	27318.3
2832	27121.5
2833	26591.4
2834	25886.7
2835	25231.1
2836	24661.0
2837	24131.7
2838	23593.7
2839	23031.4
2840	22447.7
2841	21862.9
2842	21303.7
2843	20784.3
2844	20297.3
2845	19825.3
2846	19349.7
2847	18860.2
2848	18360.6
2849	17862.7
2850	17382.6
2851	16926.4
2852	16489.6
2853	16064.4
2854	15640.7
2855	15212.1
2856	14780.3
2857	14352.8
2858	13936.8
2859	13536.5
2860	13152.1
2861	12778.3
2862	12408.4
2863	12038.7
2864	11669.7
2865	11305.0
2866	10948.2
2867	10601.7
2868	10267.5
2869	9942.5
2870	9623.7
2871	9307.5
2872	8994.6
2873	8687.4
2874	8386.5
2875	8091.9
2876	7804.3
2877	7524.1
2878	7250.9
2879	6982.1
2880	6715.6
2881	6445.1
2882	6162.9
2883	5873.2
2884	5583.6
2885	5298.7
2886	5019.4
2887	4747.1
2888	4482.4
2889	4225.3
2890	3976.3
2891	3735.9
2892	3506.2
2893	3287.5
2894	3079.1
2895	2881.3
2896	2694.2
2897	2516.6
2898	2347.8
2899	2187.4
2900	2036.5
2901	1894.9
2902	1764.0
2903	1642.4
2904	1527.0
2905	1418.3
2906	1317.1
2907	1222.4
2908	1134.7
2909	1053.3
2910	978.6
2911	910.2
2912	847.0
2913	789.0
2914	736.2
2915	686.9
2916	641.3
2917	599.3
2918	560.8
2919	526.1
2920	494.3
2921	465.6
2922	439.3
2923	415.4
2924	392.8
2925	371.2
2926	351.5
2927	333.9
2928	317.7
2929	302.7
2930	288.4
2931	275.5
2932	263.8
2933	252.8
2934	241.9
2935	231.8
2936	224.0
2937	216.0
2938	207.4
2939	198.8
2940	190.8
2941	183.9
2942	177.6
2943	171.1
2944	164.7
2945	159.1
2946	153.5
2947	147.7
2948	142.4
2949	137.6
2950	132.9
2951	127.8
2952	123.1
2953	119.3
2954	116.3
2955	112.4
2956	108.5
2957	104.5
2958	99.6
2959	95.0
2960	91.5
2961	87.9
2962	84.3
2963	80.9
2964	77.5
2965	74.0
2966	70.9
2967	68.0
2968	65.0
2969	62.1
2970	59.4
2971	56.5
2972	53.7
2973	50.9
2974	48.6
2975	46.5
2976	43.8
2977	42.2
2978	40.5
2979	37.8
2980	34.8
2981	32.2
2982	30.0
2983	28.1
2984	25.8
2985	23.8
2986	22.3
2987	19.9
2988	17.8
2989	15.7
2990	13.9
2991	12.4
2992	11.3
2993	9.8
2994	8.2
2995	5.8
2996	4.4
2997	2.9
2998	1.6
2999	0.6
3000	-0.9
3001	-2.5
3002	-3.1
3003	-4.2
3004	-6.5
3005	-8.0
3006	-7.5
3007	-6.0
3008	-7.0
3009	-8.5
3010	-9.9
3011	-11.7
3012	-13.1
3013	-14.3
3014	-16.7
3015	-18.4
3016	-18.3
3017	-19.5
3018	-21.2
3019	-22.7
3020	-23.7
3021	-24.7
3022	-25.6
3023	-26.3
3024	-27.3
3025	-28.5
3026	-29.0
3027	-29.6
3028	-30.4
3029	-31.7
3030	-32.9
3031	-33.3
3032	-34.0
3033	-34.6
3034	-35.3
3035	-35.8
3036	-36.7
3037	-37.2
3038	-38.2
3039	-38.6
3040	-39.4
3041	-40.0
3042	-40.7
3043	-40.5
3044	-40.3
3045	-39.1
3046	-41.0
3047	-43.0
3048	-43.1
3049	-43.7
3050	-44.6
3051	-45.0
3052	-45.7
3053	-46.7
3054	-47.1
3055	-47.1
3056	-47.6
3057	-48.4
3058	-48.1
3059	-47.5
3060	-47.7
3061	-48.8
3062	-49.5
3063	-49.7
3064	-50.1
3065	-51.3
3066	-51.7
3067	-52.8
3068	-53.5
3069	-53.7
3070	-53.8
3071	-53.8
3072	-54.0
3073	-54.3
3074	-55.3
3075	-55.4
3076	-54.9
3077	-54.5
3078	-55.0
3079	-56.3
3080	-57.3
3081	-57.5
3082	-57.7
3083	-57.9
3084	-58.8
3085	-59.2
3086	-59.0
3087	-58.7
3088	-59.3
3089	-60.0
3090	-60.0
3091	-60.5
3092	-61.0
3093	-61.2
3094	-61.3
3095	-61.1
3096	-61.4
3097	-62.0
3098	-62.0
3099	-61.7
3100	-61.0
3101	-61.6
3102	-62.8
3103	-62.7
3104	-62.9
3105	-63.3
3106	-63.9
3107	-64.3
3108	-64.0
3109	-64.1
3110	-64.6
3111	-64.6
3112	-63.6
3113	-63.7
3114	-64.7
3115	-65.4
3116	-65.5
3117	-65.6
3118	-65.9
3119	-66.0
3120	-66.0
3121	-65.9
3122	-66.3
3123	-66.7
3124	-67.1
3125	-67.4
3126	-67.2
3127	-66.9
3128	-66.4
3129	-65.6
3130	-65.6
3131	-66.1
3132	-66.9
3133	-67.2
3134	-67.5
3135	-68.0
3136	-68.5
3137	-68.5
3138	-68.8
3139	-68.4
3140	-67.9
3141	-68.1
3142	-68.8
3143	-69.2
3144	-69.2
3145	-68.6
3146	-69.0
3147	-69.7
3148	-69.9
3149	-69.6
3150	-69.6
3151	-70.3
3152	-70.5
3153	-70.9
3154	-70.6
3155	-70.3
3156	-70.7
3157	-71.1
3158	-70.5
3159	-69.4
3160	-68.7
3161	-69.4
3162	-69.6
3163	-70.8
3164	-70.7
3165	-69.8
3166	-69.1
3167	-69.6
3168	-70.6
3169	-71.3
3170	-71.4
3171	-70.9
3172	-71.0
3173	-71.7
3174	-71.7
3175	-71.8
3176	-72.1
3177	-72.1
3178	-71.8
3179	-72.0
3180	-72.3
3181	-72.6
3182	-72.2
3183	-71.8
3184	-72.6
3185	-72.6
3186	-72.5
3187	-72.5
3188	-72.9
3189	-72.8
3190	-73.3
3191	-73.2
3192	-72.3
3193	-71.4
3194	-71.7
3195	-72.6
3196	-72.7
3197	-72.7
3198	-73.0
3199	-73.0
3200	-73.3
3201	-73.0
3202	-73.4
3203	-73.7
3204	-73.4
3205	-72.8
3206	-73.1
3207	-73.8
3208	-74.1
3209	-73.4
3210	-73.7
3211	-74.1
3212	-74.1
3213	-73.9
3214	-73.9
3215	-73.7
3216	-73.0
3217	-72.5
3218	-72.4
3219	-72.6
3220	-73.5
3221	-73.6
3222	-72.7
3223	-72.7
3224	-73.4
3225	-74.0
3226	-73.9
3227	-74.5
3228	-74.2
3229	-73.5
3230	-73.7
3231	-74.0
3232	-74.8
3233	52.0
3234	503.6
3235	1046.6
3236	1484.0
3237	2057.6
3238	2586.2
3239	2945.1
3240	3495.5
3241	3970.6
3242	4321.3
3243	4877.0
3244	5269.4
3245	5556.4
3246	6050.8
3247	6347.1
3248	6580.7
3249	7049.5
3250	7318.4
3251	7551.1
3252	8012.1
3253	8239.3
3254	8420.7
3255	8842.8
3256	9042.5
3257	9182.7
3258	9587.0
3259	9795.7
3260	9902.5
3261	10284.8
3262	10507.8
3263	10568.0
3264	10903.5
3265	11153.8
3266	11213.7
3267	11550.7
3268	11848.9
3269	11901.6
3270	12185.5
3271	12476.2
3272	12494.7
3273	12706.7
3274	13028.6
3275	13069.1
3276	13219.5
3277	13556.7
3278	13624.6
3279	13712.8
3280	14055.2
3281	14170.8
3282	14171.1
3283	14459.6
3284	14653.1
3285	14618.4
3286	14820.9
3287	15091.8
3288	15073.4
3289	15167.1
3290	15475.0
3291	15522.4
3292	15510.1
3293	15786.5
3294	15950.2
3295	15888.5
3296	16057.3
3297	16315.7
3298	16280.3
3299	16313.1
3300	16606.5
3301	16692.7
3302	16640.6
3303	16859.0
3304	17068.6
3305	17007.6
3306	17090.7
3307	17366.7
3308	17385.9
3309	17341.9
3310	17578.4
3311	17741.1
3312	17655.0
3313	17744.7
3314	18009.8
3315	18010.8
3316	17965.0
3317	18195.4
3318	18346.4
3319	18270.9
3320	18397.4
3321	18674.1
3322	18668.0
3323	18641.4
3324	18878.5
3325	18999.6
3326	18904.8
3327	19008.3
3328	19258.0
3329	19235.2
3330	19180.7
3331	19398.2
3332	19543.1
3333	19449.8
3334	19515.1
3335	19761.3
3336	19762.3
3337	19679.5
3338	19852.4
3339	20029.9
3340	19940.1
3341	19935.0
3342	20171.6
3343	20237.8
3344	20131.9
3345	20238.5
3346	20462.2
3347	20416.4
3348	20349.5
3349	20546.8
3350	20691.3
3351	20591.5
3352	20616.2
3353	20851.7
3354	20883.9
3355	20781.8
3356	20904.7
3357	21111.8
3358	21052.7
3359	21010.9
3360	21223.6
3361	21345.5
3362	21248.3
3363	21305.4
3364	21537.5
3365	21541.7
3366	21443.2
3367	21574.7
3368	21762.0
3369	21680.7
3370	21618.0
3371	21809.3
3372	21933.8
3373	21821.4
3374	21827.9
3375	22047.5
3376	22085.1
3377	21964.2
3378	22037.7
3379	22249.8
3380	22217.3
3381	22118.1
3382	22253.4
3383	22420.3
3384	22324.0
3385	22261.2
3386	22441.8
3387	22557.0
3388	22442.4
3389	22433.4
3390	22633.9
3391	22675.4
3392	22544.0
3393	22583.5
3394	22793.1
3395	22784.7
3396	22677.2
3397	22779.2
3398	22970.2
3399	22902.7
3400	22813.6
3401	22964.4
3402	23122.6
3403	23027.2
3404	22979.7
3405	23159.7
3406	23256.1
3407	23132.3
3408	23120.4
3409	23317.7
3410	23365.8
3411	23246.5
3412	23286.4
3413	23489.6
3414	23481.0
3415	23359.1
3416	23431.0
3417	23620.5
3418	23573.9
3419	23472.7
3420	23586.7
3421	23761.1
3422	23687.1
3423	23623.2
3424	23787.8
3425	23924.9
3426	23827.9
3427	23817.6
3428	24018.7
3429	24094.8
3430	23976.1
3431	23995.8
3432	24199.8
3433	24217.7
3434	24108.5
3435	24182.8
3436	24381.3
3437	24344.3
3438	24250.4
3439	24376.3
3440	24553.8
3441	24479.9
3442	24418.6
3443	24573.5
3444	24696.9
3445	24582.8
3446	24543.1
3447	24720.6
3448	24806.0
3449	24678.2
3450	24652.1
3451	24825.1
3452	24872.2
3453	24734.2
3454	24725.9
3455	24910.1
3456	24940.9
3457	24810.6
3458	24829.5
3459	25016.5
3460	25018.2
3461	24892.9
3462	24935.3
3463	25119.1
3464	25090.2
3465	24964.3
3466	25021.3
3467	25195.3
3468	25145.4
3469	25024.3
3470	25095.7
3471	25265.2
3472	25195.0
3473	25072.0
3474	25152.4
3475	25317.5
3476	25239.7
3477	25132.0
3478	25238.0
3479	25402.4
3480	25316.8
3481	25218.2
3482	25327.9
3483	25472.4
3484	25376.8
3485	25314.1
3486	25463.5
3487	25589.1
3488	25477.8
3489	25421.6
3490	25568.7
3491	25658.7
3492	25524.1
3493	25463.7
3494	25614.0
3495	25702.5
3496	25570.6
3497	25517.0
3498	25671.3
3499	25752.0
3500	25618.5
3501	25574.5
3502	25734.5
3503	25800.8
3504	25668.9
3505	25652.1
3506	25826.9
3507	25883.9
3508	25758.7
3509	25745.0
3510	25909.5
3511	25939.0
3512	25801.2
3513	25792.9
3514	25965.0
3515	25988.1
3516	25847.0
3517	25838.5
3518	26005.8
3519	26019.1
3520	25874.6
3521	25864.9
3522	26029.5
3523	26042.0
3524	25894.1
3525	25879.6
3526	26044.1
3527	26058.1
3528	25902.0
3529	25875.5
3530	26038.4
3531	26069.2
3532	25922.0
3533	25902.3
3534	26071.2
3535	26100.0
3536	25952.9
3537	25935.2
3538	26104.5
3539	26136.8
3540	25995.1
3541	25983.5
3542	26154.1
3543	26176.3
3544	26027.5
3545	26008.2
3546	26177.5
3547	26209.9
3548	26068.1
3549	26050.0
3550	26214.8
3551	26238.7
3552	26109.9
3553	26143.2
3554	26348.1
3555	26373.3
3556	26260.7
3557	26312.2
3558	26501.3
3559	26476.0
3560	26355.7
3561	26418.7
3562	26595.8
3563	26544.3
3564	26428.7
3565	26507.1
3566	26677.5
3567	26607.6
3568	26487.6
3569	26563.9
3570	26722.6
3571	26637.2
3572	26509.8
3573	26581.6
3574	26740.3
3575	26658.0
3576	26532.6
3577	26602.4
3578	26759.9
3579	26681.7
3580	26560.6
3581	26631.6
3582	26791.2
3583	26714.7
3584	26590.0
3585	26658.8
3586	26819.9
3587	26745.3
3588	26622.6
3589	26689.7
3590	26846.1
3591	26764.2
3592	26629.6
3593	26689.0
3594	26851.6
3595	26781.0
3596	26646.5
3597	26698.1
3598	26860.6
3599	26797.8
3600	26665.2
3601	26715.4
3602	26881.3
3603	26822.8
3604	26685.4
3605	26732.9
3606	26905.1
3607	26849.3
3608	26706.9
3609	26741.7
3610	26904.5
3611	26852.4
3612	26707.6
3613	26739.3
3614	26910.4
3615	26869.3
3616	26718.4
3617	26734.1
3618	26903.3
3619	26880.4
3620	26732.2
3621	26742.0
3622	26910.3
3623	26892.7
3624	26742.2
3625	26742.4
3626	26909.1
3627	26905.8
3628	26758.1
3629	26753.8
3630	26917.7
3631	26917.1
3632	26652.5
3633	26088.8
3634	25417.6
3635	24832.3
3636	24310.9
3637	23808.3
3638	23294.7
3639	22755.3
3640	22200.0
3641	21652.2
3642	21131.1
3643	20645.0
3644	20186.2
3645	19735.5
3646	19276.9
3647	18805.5
3648	18327.2
3649	17854.8
3650	17400.5
3651	16967.6
3652	16552.1
3653	16144.7
3654	15735.8
3655	15321.4
3656	14905.2
3657	14494.6
3658	14096.0
3659	13714.3
3660	13345.7
3661	12984.4
3662	12624.7
3663	12265.7
3664	11908.3
3665	11555.3
3666	11209.9
3667	10875.2
3668	10551.4
3669	10235.7
3670	9924.3
3671	9616.1
3672	9311.6
3673	9011.6
3674	8718.3
3675	8432.4
3676	8154.3
3677	7882.8
3678	7617.3
3679	7355.4
3680	7097.4
3681	6844.1
3682	6595.7
3683	6350.5
3684	6108.0
3685	5863.4
3686	5613.1
3687	5358.5
3688	5100.7
3689	4842.4
3690	4589.0
3691	4341.3
3692	4099.3
3693	3864.4
3694	3636.8
3695	3418.0
3696	3206.9
3697	3004.8
3698	2813.7
3699	2632.2
3700	2459.9
3701	2297.1
3702	2142.0
3703	1996.6
3704	1861.6
3705	1735.3
3706	1616.3
3707	1504.2
3708	1398.6
3709	1299.4
3710	1207.7
3711	1122.7
3712	1044.0
3713	970.8
3714	903.1
3715	841.4
3716	784.6
3717	732.2
3718	683.5
3719	638.2
3720	597.5
3721	560.7
3722	527.4
3723	496.1
3724	466.2
3725	439.8
3726	415.2
3727	392.2
3728	371.6
3729	352.4
3730	335.0
3731	318.8
3732	303.6
3733	289.8
3734	276.7
3735	264.1
3736	252.8
3737	242.1
3738	233.0
3739	225.1
3740	216.6
3741	207.3
3742	199.0
3743	192.9
3744	186.4
3745	178.6
3746	171.7
3747	165.8
3748	159.6
3749	153.8
3750	148.2
3751	143.5
3752	138.6
3753	133.6
3754	129.0
3755	124.7
3756	120.0
3757	115.7
3758	111.5
3759	107.7
3760	104.3
3761	100.7
3762	97.1
3763	93.6
3764	89.8
3765	86.1
3766	82.9
3767	80.0
3768	76.6
3769	73.5
3770	70.5
3771	68.6
3772	67.8
3773	64.6
3774	60.7
3775	58.0
3776	54.3
3777	51.2
3778	49.2
3779	47.3
3780	44.8
3781	42.4
3782	40.2
3783	37.7
3784	35.2
3785	32.6
3786	30.7
3787	30.2
3788	27.9
3789	25.4
3790	23.7
3791	23.0
3792	22.2
3793	20.5
3794	18.0
3795	15.9
3796	13.9
3797	12.8
3798	11.2
3799	9.1
3800	8.0
3801	6.7
3802	5.4
3803	4.0
3804	2.6
3805	2.7
3806	2.2
3807	0.1
3808	-1.5
3809	-3.4
3810	-5.1
3811	-6.5
3812	-7.4
3813	-8.2
3814	-9.0
3815	-10.4
3816	-12.3
3817	-13.6
3818	-14.2
3819	-14.6
3820	-15.9
3821	-17.3
3822	-18.3
3823	-19.0
3824	-19.3
3825	-20.2
3826	-20.8
3827	-22.1
3828	-23.4
3829	-24.5
3830	-24.4
3831	-24.8
3832	-25.8
3833	-26.9
3834	-27.3
3835	-26.4
3836	-25.5
3837	-27.2
3838	-28.8
3839	-30.5
3840	-31.0
3841	-31.2
3842	-32.3
3843	-32.9
3844	-32.3
3845	-33.1
3846	-34.8
3847	-35.5
3848	-36.2
3849	-36.4
3850	-36.8
3851	-37.4
3852	-38.2
3853	-39.0
3854	-39.4
3855	-39.7
3856	-40.4
3857	-40.6
3858	-40.4
3859	-40.9
3860	-42.0
3861	-42.9
3862	-43.4
3863	-43.3
3864	-43.8
3865	-43.8
3866	-43.9
3867	-44.3
3868	-45.3
3869	-46.2
3870	-46.2
3871	-46.4
3872	-45.1
3873	-43.4
3874	-45.3
3875	-46.1
3876	-47.5
3877	-47.8
3878	-48.6
3879	-49.6
3880	-49.5
3881	-49.5
3882	-49.8
3883	-50.0
3884	-50.3
3885	-50.4
3886	