8.4
603	5.5
604	3.3
605	1.3
606	-1.7
607	-5.8
608	-7.0
609	-5.7
610	-6.1
611	-9.5
612	-15.3
613	-20.9
614	-22.6
615	-21.3
616	-20.2
617	-20.9
618	-24.2
619	-28.1
620	-30.6
621	-31.8
622	-33.0
623	-34.7
624	-36.9
625	-38.2
626	-39.6
627	-41.1
628	-42.4
629	-44.3
630	-46.6
631	-48.2
632	-48.6
633	-49.4
634	-50.8
635	-52.7
636	-54.9
637	-55.5
638	-55.6
639	-56.4
640	-58.4
641	-60.8
642	-62.8
643	-63.7
644	-64.2
645	-64.4
646	-64.5
647	-65.0
648	-66.2
649	-68.5
650	-70.2
651	-71.6
652	-71.7
653	-71.8
654	-72.4
655	-74.5
656	-76.0
657	-76.4
658	-76.0
659	-76.7
660	-77.0
661	-78.9
662	-79.6
663	-79.8
664	-81.4
665	-82.7
666	-83.5
667	-84.6
668	-84.9
669	-85.2
670	-86.2
671	-86.4
672	-85.8
673	-86.6
674	-88.2
675	-89.6
676	-89.7
677	-89.9
678	-89.8
679	-90.5
680	-91.3
681	-92.2
682	-92.2
683	-92.8
684	-93.7
685	-94.7
686	-94.9
687	-94.8
688	-95.6
689	-96.7
690	-97.1
691	-96.6
692	-96.5
693	-97.1
694	-98.2
695	-98.6
696	-99.1
697	-99.4
698	-99.8
699	-100.2
700	-100.4
701	-100.7
702	-101.2
703	-101.9
704	-102.0
705	-102.0
706	-102.9
707	-103.6
708	-103.4
709	-103.6
710	-104.0
711	-104.6
712	-104.8
713	-104.8
714	-104.9
715	-105.5
716	-105.9
717	-106.5
718	-106.4
719	-106.4
720	-107.2
721	-108.0
722	-107.9
723	-108.0
724	-108.1
725	-108.1
726	-108.7
727	-109.6
728	-108.9
729	-108.2
730	-109.3
731	-110.9
732	-112.3
733	-112.5
734	-112.6
735	-112.7
736	-112.8
737	-113.0
738	-112.6
739	-111.8
740	-112.1
741	-112.0
742	-112.6
743	-112.7
744	-112.9
745	-113.2
746	-113.6
747	-114.0
748	-114.0
749	-113.8
750	-113.7
751	-114.1
752	-114.7
753	-114.8
754	-114.8
755	-114.0
756	-114.0
757	-115.1
758	-115.5
759	-115.2
760	-115.5
761	-115.5
762	-115.8
763	-115.8
764	-115.8
765	-116.3
766	-116.5
767	-116.0
768	-116.5
769	-117.3
770	-117.7
771	-117.4
772	-116.9
773	-117.0
774	-117.6
775	-118.1
776	-117.7
777	-117.7
778	-117.9
779	-117.9
780	-118.0
781	-118.0
782	-118.6
783	-118.4
784	-118.1
785	-118.7
786	-118.9
787	-119.0
788	-119.0
789	-119.3
790	-119.5
791	-119.6
792	-119.1
793	-119.1
794	-119.6
795	-120.3
796	-120.4
797	-119.9
798	-119.3
799	-119.9
800	-120.8
801	-120.9
802	-120.3
803	-120.2
804	-120.6
805	-120.7
806	-121.1
807	-120.8
808	-120.5
809	-120.5
810	-120.8
811	-121.1
812	-121.0
813	-121.6
814	-122.0
815	-121.6
816	-121.5
817	-121.5
818	-121.3
819	-121.4
820	-121.5
821	-121.4
822	-122.0
823	-122.5
824	-121.9
825	-121.6
826	-121.7
827	-122.1
828	-122.5
829	-122.9
830	-122.5
831	-122.1
832	-106.6
833	77.0
834	553.8
835	1095.5
836	1798.6
837	2475.3
838	3007.7
839	3663.4
840	4153.7
841	4749.3
842	5342.7
843	5805.2
844	6421.6
845	6823.5
846	7289.6
847	7770.2
848	8073.7
849	8584.2
850	8936.4
851	9295.7
852	9784.3
853	10029.9
854	10436.9
855	10813.5
856	11019.7
857	11455.1
858	11725.3
859	11978.5
860	12418.5
861	12616.1
862	12925.1
863	13308.1
864	13450.9
865	13795.2
866	14103.4
867	14244.3
868	14629.8
869	14885.0
870	15055.6
871	15448.9
872	15634.7
873	15819.5
874	16194.5
875	16332.9
876	16541.6
877	16898.6
878	17009.5
879	17234.8
880	17566.0
881	17646.7
882	17871.9
883	18187.5
884	18268.1
885	18501.0
886	18802.1
887	18875.0
888	19104.7
889	19397.7
890	19465.3
891	19684.6
892	19967.7
893	20026.5
894	20234.7
895	20527.5
896	20595.3
897	20788.5
898	21076.7
899	21136.7
900	21303.1
901	21594.9
902	21661.9
903	21794.3
904	22084.1
905	22164.8
906	22264.3
907	22550.6
908	22655.5
909	22717.3
910	22986.4
911	23130.1
912	23166.6
913	23405.9
914	23595.1
915	23629.4
916	23846.6
917	24073.5
918	24096.8
919	24252.2
920	24498.7
921	24534.6
922	24638.0
923	24899.5
924	24974.1
925	25020.0
926	25255.2
927	25377.6
928	25381.7
929	25573.0
930	25761.9
931	25757.7
932	25878.3
933	26107.2
934	26134.1
935	26189.9
936	26421.8
937	26511.0
938	26509.4
939	26694.2
940	26859.3
941	26837.5
942	26944.4
943	27163.7
944	27185.4
945	27224.1
946	27440.3
947	27531.4
948	27508.7
949	27662.6
950	27837.5
951	27808.2
952	27869.6
953	28081.4
954	28124.0
955	28116.7
956	28294.5
957	28426.8
958	28386.3
959	28478.7
960	28677.1
961	28677.7
962	28677.2
963	28860.4
964	28965.1
965	28921.1
966	29024.3
967	29209.8
968	29191.8
969	29198.5
970	29384.3
971	29471.5
972	29433.0
973	29552.4
974	29728.8
975	29701.8
976	29720.7
977	29905.9
978	29964.2
979	29906.1
980	30013.7
981	30179.1
982	30137.2
983	30138.6
984	30311.3
985	30375.0
986	30308.9
987	30398.1
988	30567.2
989	30531.6
990	30514.9
991	30675.4
992	30757.1
993	30692.1
994	30777.5
995	30960.7
996	30939.0
997	30905.5
998	31053.1
999	31151.6
1000	31076.6
1001	31123.8
1002	31300.5
1003	31293.5
1004	31234.0
1005	31351.8
1006	31478.0
1007	31407.3
1008	31417.5
1009	31590.0
1010	31625.9
1011	31550.3
1012	31631.8
1013	31777.7
1014	31718.6
1015	31686.4
1016	31834.8
1017	31920.0
1018	31842.2
1019	31891.6
1020	32059.3
1021	32045.8
1022	32000.9
1023	32140.2
1024	32269.0
1025	32203.9
1026	32224.3
1027	32388.0
1028	32402.7
1029	32323.7
1030	32408.2
1031	32551.4
1032	32492.1
1033	32465.8
1034	32611.4
1035	32680.4
1036	32590.3
1037	32624.7
1038	32778.6
1039	32757.1
1040	32687.3
1041	32789.7
1042	32912.4
1043	32837.8
1044	32824.3
1045	32970.3
1046	33013.5
1047	32923.7
1048	32976.0
1049	33128.6
1050	33091.9
1051	33028.8
1052	33139.3
1053	33243.7
1054	33152.6
1055	33138.9
1056	33281.8
1057	33309.8
1058	33209.4
1059	33250.8
1060	33394.6
1061	33353.6
1062	33280.3
1063	33377.3
1064	33485.4
1065	33397.0
1066	33371.6
1067	33506.4
1068	33544.7
1069	33438.9
1070	33464.5
1071	33610.4
1072	33588.8
1073	33514.2
1074	33600.8
1075	33715.7
1076	33632.9
1077	33600.0
1078	33730.3
1079	33779.9
1080	33665.2
1081	33669.8
1082	33807.7
1083	33792.9
1084	33695.9
1085	33758.2
1086	33886.2
1087	33809.9
1088	33738.1
1089	33840.4
1090	33928.0
1091	33823.6
1092	33801.0
1093	33933.9
1094	33958.6
1095	33848.0
1096	33875.7
1097	34018.0
1098	33984.0
1099	33901.3
1100	33982.5
1101	34095.5
1102	34007.6
1103	33961.2
1104	34081.8
1105	34143.1
1106	34034.1
1107	34032.6
1108	34170.3
1109	34166.2
1110	34061.7
1111	34107.0
1112	34236.0
1113	34170.1
1114	34089.3
1115	34178.0
1116	34276.9
1117	34179.4
1118	34154.1
1119	34293.3
1120	34339.7
1121	34233.1
1122	34248.9
1123	34383.6
1124	34351.3
1125	34249.2
1126	34309.8
1127	34433.5
1128	34353.0
1129	34280.7
1130	34379.5
1131	34464.7
1132	34361.4
1133	34338.5
1134	34468.9
1135	34491.0
1136	34378.9
1137	34407.6
1138	34554.9
1139	34527.5
1140	34445.1
1141	34528.7
1142	34647.8
1143	34565.2
1144	34522.5
1145	34646.4
1146	34699.3
1147	34581.9
1148	34580.9
1149	34720.8
1150	34716.1
1151	34619.5
1152	34675.6
1153	34802.7
1154	34725.7
1155	34646.3
1156	34739.7
1157	34833.3
1158	34732.4
1159	34696.8
1160	34818.8
1161	34849.7
1162	34732.4
1163	34738.6
1164	34869.6
1165	34847.0
1166	34745.9
1167	34798.6
1168	34919.7
1169	34843.6
1170	34764.7
1171	34853.3
1172	34940.6
1173	34834.0
1174	34789.6
1175	34902.9
1176	34936.0
1177	34813.4
1178	34809.1
1179	34937.8
1180	34920.7
1181	34804.7
1182	34842.7
1183	34971.9
1184	34909.8
1185	34821.4
1186	34897.9
1187	34993.0
1188	34881.0
1189	34814.1
1190	34919.2
1191	34979.1
1192	34851.0
1193	34815.6
1194	34934.0
1195	34945.3
1196	34814.8
1197	34815.2
1198	34942.2
1199	34908.7
1200	34792.3
1201	34829.5
1202	34947.6
1203	34871.6
1204	34776.5
1205	34849.5
1206	34949.6
1207	34843.0
1208	34772.8
1209	34870.3
1210	34930.3
1211	34805.1
1212	34773.5
1213	34895.8
1214	34913.1
1215	34789.3
1216	34795.4
1217	34925.8
1218	34895.1
1219	34788.1
1220	34840.5
1221	34968.1
1222	34897.8
1223	34820.9
1224	34916.4
1225	35011.0
1226	34905.7
1227	34868.1
1228	34993.5
1229	35029.9
1230	34910.8
1231	34909.2
1232	34953.9
1233	34512.2
1234	33657.0
1235	32888.6
1236	32278.4
1237	31727.7
1238	31170.8
1239	30579.0
1240	29957.9
1241	29338.4
1242	28748.8
1243	28199.8
1244	27680.8
1245	27169.1
1246	26645.7
1247	26104.5
1248	25554.4
1249	25011.6
1250	24488.7
1251	23989.3
1252	23505.1
1253	23022.9
1254	22533.9
1255	22036.4
1256	21539.5
1257	21052.9
1258	20581.8
1259	20125.0
1260	19676.9
1261	19231.5
1262	18784.2
1263	18334.8
1264	17887.4
1265	17446.5
1266	17016.8
1267	16597.9
1268	16187.2
1269	15779.4
1270	15374.4
1271	14972.3
1272	14573.3
1273	14180.4
1274	13794.8
1275	13416.0
1276	13045.6
1277	12682.4
1278	12323.7
1279	11967.5
1280	11616.8
1281	11270.8
1282	10931.1
1283	10600.5
1284	10275.5
1285	9957.5
1286	9645.3
1287	9337.5
1288	9035.0
1289	8738.5
1290	8448.2
1291	8166.8
1292	7892.2
1293	7622.0
1294	7354.6
1295	7085.8
1296	6809.0
1297	6520.5
1298	6224.3
1299	5926.0
1300	5630.7
1301	5341.6
1302	5059.6
1303	4785.5
1304	4520.1
1305	4263.6
1306	4016.4
1307	3779.3
1308	3554.1
1309	3340.2
1310	3137.0
1311	2943.5
1312	2759.1
1313	2584.2
1314	2418.0
1315	2260.4
1316	2110.6
1317	1969.7
1318	1837.3
1319	1713.6
1320	1597.9
1321	1488.9
1322	1387.0
1323	1292.8
1324	1204.5
1325	1122.6
1326	1046.8
1327	974.6
1328	908.9
1329	849.9
1330	794.7
1331	742.3
1332	693.4
1333	648.5
1334	608.5
1335	571.7
1336	536.6
1337	503.2
1338	472.6
1339	444.9
1340	419.9
1341	395.3
1342	372.6
1343	351.7
1344	332.3
1345	314.4
1346	297.6
1347	283.2
1348	269.3
1349	255.4
1350	242.1
1351	230.5
1352	219.6
1353	209.0
1354	197.9
1355	187.8
1356	178.9
1357	170.7
1358	162.6
1359	154.6
1360	146.9
1361	139.0
1362	132.2
1363	126.1
1364	120.6
1365	114.3
1366	107.9
1367	102.2
1368	96.5
1369	91.2
1370	86.9
1371	81.7
1372	76.5
1373	72.1
1374	67.8
1375	63.6
1376	59.2
1377	55.3
1378	51.5
1379	47.6
1380	44.4
1381	40.5
1382	37.2
1383	33.7
1384	30.0
1385	27.2
1386	24.8
1387	21.9
1388	18.5
1389	15.0
1390	12.2
1391	9.4
1392	7.4
1393	5.0
1394	1.9
1395	-1.1
1396	-3.4
1397	-5.2
1398	-7.7
1399	-11.0
1400	-13.6
1401	-14.2
1402	-15.5
1403	-17.9
1404	-21.5
1405	-24.6
1406	-25.7
1407	-26.9
1408	-27.0
1409	-27.5
1410	-30.7
1411	-35.3
1412	-38.7
1413	-39.0
1414	-38.6
1415	-38.3
1416	-39.9
1417	-43.1
1418	-45.0
1419	-45.7
1420	-47.3
1421	-49.8
1422	-51.2
1423	-50.0
1424	-50.5
1425	-54.6
1426	-59.2
1427	-60.9
1428	-59.1
1429	-57.3
1430	-58.2
1431	-61.4
1432	-64.0
1433	-65.0
1434	-65.2
1435	-66.0
1436	-67.6
1437	-69.0
1438	-69.1
1439	-69.1
1440	-70.4
1441	-73.0
1442	-74.2
1443	-74.4
1444	-74.9
1445	-75.4
1446	-76.0
1447	-76.5
1448	-77.4
1449	-79.2
1450	-80.1
1451	-80.3
1452	-80.6
1453	-82.0
1454	-83.1
1455	-82.9
1456	-83.2
1457	-83.9
1458	-85.3
1459	-86.7
1460	-87.5
1461	-87.4
1462	-88.3
1463	-89.5
1464	-89.8
1465	-89.8
1466	-90.2
1467	-91.0
1468	-92.4
1469	-93.3
1470	-93.2
1471	-93.1
1472	-93.1
1473	-94.3
1474	-95.3
1475	-95.4
1476	-94.9
1477	-95.8
1478	-97.8
1479	-99.3
1480	-98.6
1481	-97.5
1482	-97.5
1483	-98.7
1484	-99.6
1485	-99.7
1486	-100.1
1487	-101.2
1488	-101.7
1489	-101.5
1490	-101.7
1491	-102.5
1492	-103.3
1493	-103.9
1494	-104.0
1495	-103.5
1496	-103.8
1497	-104.5
1498	-104.9
1499	-105.2
1500	-106.1
1501	-106.2
1502	-106.2
1503	-106.2
1504	-107.0
1505	-107.0
1506	-106.7
1507	-107.4
1508	-109.0
1509	-109.7
1510	-107.2
1511	-105.5
1512	-108.6
1513	-114.2
1514	-117.8
1515	-117.6
1516	-113.5
1517	-108.4
1518	-105.8
1519	-106.1
1520	-108.3
1521	-113.9
1522	-119.6
1523	-123.9
1524	-121.4
1525	-113.0
1526	-105.1
1527	-102.9
1528	-107.6
1529	-114.2
1530	-118.2
1531	-118.9
1532	-117.7
1533	-115.5
1534	-113.3
1535	-111.9
1536	-111.5
1537	-112.6
1538	-115.4
1539	-118.3
1540	-119.5
1541	-118.1
1542	-115.5
1543	-113.9
1544	-113.9
1545	-115.1
1546	-116.8
1547	-118.0
1548	-118.3
1549	-118.1
1550	-117.8
1551	-117.6
1552	-116.9
1553	-116.1
1554	-117.0
1555	-118.4
1556	-120.0
1557	-120.3
1558	-118.7
1559	-118.0
1560	-118.6
1561	-119.1
1562	-119.5
1563	-119.4
1564	-119.2
1565	-119.9
1566	-120.9
1567	-120.6
1568	-119.4
1569	-119.4
1570	-119.9
1571	-120.6
1572	-120.7
1573	-119.7
1574	-119.9
1575	-120.6
1576	-121.4
1577	-120.7
1578	-120.1
1579	-120.5
1580	-121.2
1581	-121.5
1582	-121.3
1583	-121.0
1584	-121.3
1585	-121.8
1586	-121.8
1587	-121.8
1588	-121.9
1589	-122.0
1590	-122.4
1591	-122.4
1592	-122.1
1593	-121.0
1594	-120.8
1595	-121.8
1596	-122.9
1597	-122.3
1598	-121.5
1599	-121.9
1600	-122.7
1601	-122.9
1602	-123.2
1603	-122.9
1604	-122.9
1605	-123.6
1606	-124.1
1607	-124.0
1608	-123.0
1609	-122.6
1610	-123.3
1611	-124.2
1612	-125.3
1613	-125.0
1614	-124.6
1615	-123.7
1616	-123.6
1617	-124.4
1618	-124.3
1619	-123.8
1620	-124.2
1621	-124.8
1622	-125.1
1623	-124.9
1624	-124.5
1625	-124.6
1626	-124.9
1627	-125.5
1628	-125.7
1629	-125.7
1630	-125.9
1631	-124.7
1632	-98.7
1633	30.9
1634	348.3
1635	973.8
1636	1741.0
1637	2305.7
1638	2968.9
1639	3509.9
1640	4004.1
1641	4639.9
1642	5089.1
1643	5686.8
1644	6210.8
1645	6613.0
1646	7167.9
1647	7492.7
1648	7904.2
1649	8373.8
1650	8663.2
1651	9165.4
1652	9528.8
1653	9831.8
1654	10311.4
1655	10550.5
1656	10884.8
1657	11284.3
1658	11475.8
1659	11881.9
1660	12218.2
1661	12427.4
1662	12853.0
1663	13084.8
1664	13295.9
1665	13690.3
1666	13853.5
1667	14102.1
1668	14477.8
1669	14613.6
1670	14894.0
1671	15230.1
1672	15348.2
1673	15668.2
1674	15967.6
1675	16068.8
1676	16385.4
1677	16642.1
1678	16764.8
1679	17122.5
1680	17363.5
1681	17487.1
1682	17822.5
1683	18008.8
1684	18118.7
1685	18444.7
1686	18613.6
1687	18726.0
1688	19054.4
1689	19216.7
1690	19306.1
1691	19607.4
1692	19758.7
1693	19830.7
1694	20123.0
1695	20292.3
1696	20345.2
1697	20615.9
1698	20807.8
1699	20847.7
1700	21088.1
1701	21302.4
1702	21334.4
1703	21537.9
1704	21774.6
1705	21806.1
1706	21970.3
1707	22232.6
1708	22277.8
1709	22390.8
1710	22658.6
1711	22734.0
1712	22807.6
1713	23070.5
1714	23185.4
1715	23218.5
1716	23447.2
1717	23608.5
1718	23612.9
1719	23787.3
1720	24004.3
1721	24017.7
1722	24130.9
1723	24376.3
1724	24429.6
1725	24487.4
1726	24724.4
1727	24827.6
1728	24833.9
1729	25029.1
1730	25208.6
1731	25214.1
1732	25351.2
1733	25570.8
1734	25585.3
1735	25638.9
1736	25863.6
1737	25941.4
1738	25941.1
1739	26125.8
1740	26281.1
1741	26255.8
1742	26358.9
1743	26572.5
1744	26589.2
1745	26620.3
1746	26829.6
1747	26919.2
1748	26892.5
1749	27037.5
1750	27215.5
1751	27191.4
1752	27244.4
1753	27450.0
1754	27492.8
1755	27473.8
1756	27639.4
1757	27781.9
1758	27752.3
1759	27859.8
1760	28077.2
1761	28093.9
1762	28113.9
1763	28315.6
1764	28414.5
1765	28379.8
1766	28503.8
1767	28685.8
1768	28675.5
1769	28721.4
1770	28922.5
1771	28973.5
1772	28936.2
1773	29069.9
1774	29219.1
1775	29175.4
1776	29214.2
1777	29404.7
1778	29437.8
1779	29392.4
1780	29518.1
1781	29661.4
1782	29611.4
1783	29637.2
1784	29816.5
1785	29848.8
1786	29790.5
1787	29895.6
1788	30040.3
1789	29983.2
1790	29978.7
1791	30147.4
1792	30203.1
1793	30127.6
1794	30202.0
1795	30362.4
1796	30322.3
1797	30287.5
1798	30429.6
1799	30516.2
1800	30429.7
1801	30461.4
1802	30633.4
1803	30635.0
1804	30574.8
1805	30694.7
1806	30833.9
1807	30775.0
1808	30786.9
1809	30956.9
1810	30990.0
1811	30910.5
1812	30985.9
1813	31134.8
1814	31081.9
1815	31049.8
1816	31197.8
1817	31282.8
1818	31194.9
1819	31224.6
1820	31386.7
1821	31378.8
1822	31311.8
1823	31415.0
1824	31543.2
1825	31467.1
1826	31450.8
1827	31605.4
1828	31654.9
1829	31559.8
1830	31605.7
1831	31766.0
1832	31737.5
1833	31683.3
1834	31808.4
1835	31920.4
1836	31835.1
1837	31827.4
1838	31975.2
1839	31995.4
1840	31894.0
1841	31942.0
1842	32090.6
1843	32040.8
1844	31969.7
1845	32076.6
1846	32182.3
1847	32088.9
1848	32068.9
1849	32213.5
1850	32247.2
1851	32141.2
1852	32175.0
1853	32326.7
1854	32292.4
1855	32208.9
1856	32298.9
1857	32418.5
1858	32330.1
1859	32290.8
1860	32427.0
1861	32485.3
1862	32378.3
1863	32389.3
1864	32535.1
1865	32519.4
1866	32424.9
1867	32494.9
1868	32632.9
1869	32565.1
1870	32506.2
1871	32619.7
1872	32701.5
1873	32605.8
1874	32617.1
1875	32784.0
1876	32795.5
1877	32695.3
1878	32748.1
1879	32885.8
1880	32827.5
1881	32762.4
1882	32870.3
1883	32961.7
1884	32851.6
1885	32817.6
1886	32952.5
1887	32991.8
1888	32888.0
1889	32914.2
1890	33057.5
1891	33020.6
1892	32924.5
1893	32999.5
1894	33129.2
1895	33052.6
1896	32997.6
1897	33112.8
1898	33181.6
1899	33068.6
1900	33055.3
1901	33199.0
1902	33212.3
1903	33107.9
1904	33147.7
1905	33288.2
1906	33238.6
1907	33157.8
1908	33247.4
1909	33354.9
1910	33258.0
1911	33211.4
1912	33333.0
1913	33382.1
1914	33263.5
1915	33260.8
1916	33405.4
1917	33404.0
1918	33307.8
1919	33368.0
1920	33504.8
1921	33441.4
1922	33374.0
1923	33475.3
1924	33569.4
1925	33468.6
1926	33440.9
1927	33573.2
1928	33610.1
1929	33499.0
1930	33514.6
1931	33661.0
1932	33639.0
1933	33544.1
1934	33610.6
1935	33734.7
1936	33656.3
1937	33599.0
1938	33715.5
1939	33795.7
1940	33686.3
1941	33661.0
1942	33791.3
1943	33806.8
1944	33691.3
1945	33710.3
1946	33845.7
1947	33803.1
1948	33699.0
1949	33759.0
1950	33881.6
1951	33803.1
1952	33734.1
1953	33834.3
1954	33911.9
1955	33796.0
1956	33754.2
1957	33873.7
1958	33902.2
1959	33777.6
1960	33775.4
1961	33911.4
1962	33895.9
1963	33787.5
1964	33833.7
1965	33964.4
1966	33897.7
1967	33825.2
1968	33928.6
1969	34028.5
1970	33926.3
1971	33896.2
1972	34033.0
1973	34074.3
1974	33971.7
1975	34002.7
1976	34150.6
1977	34115.5
1978	34011.5
1979	34069.2
1980	34187.6
1981	34102.2
1982	34031.9
1983	34130.6
1984	34212.0
1985	34095.7
1986	34049.5
1987	34167.6
1988	34201.7
1989	34077.2
1990	34071.0
1991	34205.2
1992	34190.9
1993	34075.4
1994	34106.2
1995	34235.7
1996	34178.2
1997	34090.4
1998	34164.1
1999	34264.7
2000	34159.6
2001	34089.3
2002	34188.3
2003	34257.3
2004	34141.9
2005	34110.3
2006	34231.2
2007	34248.4
2008	34121.4
2009	34117.9
2010	34246.8
2011	34221.7
2012	34106.7
2013	34140.6
2014	34264.4
2015	34199.3
2016	34106.5
2017	34178.2
2018	34282.0
2019	34181.0
2020	34114.6
2021	34220.7
2022	34288.4
2023	34166.2
2024	34143.3
2025	34289.5
2026	34324.1
2027	34223.6
2028	34253.6
2029	34388.5
2030	34345.6
2031	34261.8
2032	34223.9
2033	33835.7
2034	33112.0
2035	32396.3
2036	31803.3
2037	31269.7
2038	30730.5
2039	30165.7
2040	29581.6
2041	28998.6
2042	28438.7
2043	27911.5
2044	27410.6
2045	26919.6
2046	26420.7
2047	25905.2
2048	25381.3
2049	24864.7
2050	24368.2
2051	23891.9
2052	23429.2
2053	22968.9
2054	22503.2
2055	22031.3
2056	21559.2
2057	21094.7
2058	20644.0
2059	20207.6
2060	19779.9
2061	19353.7
2062	18927.2
2063	18500.0
2064	18074.8
2065	17655.6
2066	17246.5
2067	16847.3
2068	16454.8
2069	16066.0
2070	15680.1
2071	15296.3
2072	14915.4
2073	14540.0
2074	14171.5
2075	13811.3
2076	13458.2
2077	13111.6
2078	12766.9
2079	12425.1
2080	12086.7
2081	11755.0
2082	11431.8
2083	11114.0
2084	10800.9
2085	10493.0
2086	10189.4
2087	9890.6
2088	9595.5
2089	9304.9
2090	9021.3
2091	8745.8
2092	8476.7
2093	8212.9
2094	7953.4
2095	7697.3
2096	7443.8
2097	7195.3
2098	6953.2
2099	6716.3
2100	6482.9
2101	6250.6
2102	6015.7
2103	5770.0
2104	5516.5
2105	5258.6
2106	5000.6
2107	4745.2
2108	4495.4
2109	4251.8
2110	4015.0
2111	3785.1
2112	3562.2
2113	3347.9
2114	3144.1
2115	2950.9
2116	2766.9
2117	2592.9
2118	2428.2
2119	2271.6
2120	2122.5
2121	1979.9
2122	1844.2
2123	1719.3
2124	1604.2
2125	1496.6
2126	1393.8
2127	1294.7
2128	1203.0
2129	1121.4
2130	1047.2
2131	977.3
2132	909.6
2133	845.4
2134	788.5
2135	737.0
2136	688.4
2137	642.3
2138	600.0
2139	561.0
2140	526.0
2141	493.7
2142	463.6
2143	435.7
2144	409.1
2145	384.6
2146	361.8
2147	340.8
2148	321.7
2149	303.3
2150	286.5
2151	271.5
2152	256.8
2153	241.8
2154	228.2
2155	216.8
2156	206.8
2157	196.0
2158	185.6
2159	176.5
2160	168.1
2161	159.3
2162	150.5
2163	143.1
2164	135.7
2165	128.8
2166	122.1
2167	115.4
2168	109.2
2169	103.5
2170	97.6
2171	91.0
2172	85.8
2173	81.5
2174	76.7
2175	72.0
2176	67.3
2177	63.3
2178	59.6
2179	55.4
2180	50.8
2181	46.4
2182	42.7
2183	39.4
2184	36.1
2185	32.7
2186	29.6
2187	25.9
2188	22.5
2189	19.6
2190	16.7
2191	13.5
2192	10.7
2193	7.9
2194	5.4
2195	3.4
2196	0.9
2197	-2.3
2198	-4.9
2199	-6.8
2200	-9.2
2201	-11.9
2202	-14.1
2203	-16.3
2204	-18.9
2205	-20.4
2206	-22.2
2207	-24.1
2208	-25.9
2209	-28.1
2210	-30.0
2211	-32.0
2212	-34.5
2213	-37.1
2214	-39.2
2215	-41.0
2216	-42.3
2217	-42.8
2218	-43.8
2219	-45.9
2220	-47.7
2221	-48.9
2222	-49.6
2223	-51.2
2224	-53.2
2225	-54.7
2226	-56.0
2227	-56.8
2228	-57.4
2229	-58.6
2230	-60.0
2231	-61.1
2232	-62.4
2233	-64.0
2234	-65.1
2235	-65.7
2236	-66.3
2237	-67.3
2238	-68.4
2239	-69.6
2240	-71.0
2241	-72.2
2242	-72.9
2243	-73.6
2244	-74.4
2245	-75.8
2246	-76.5
2247	-77.1
2248	-77.8
2249	-78.4
2250	-79.7
2251	-80.5
2252	-81.8
2253	-82.3
2254	-82.7
2255	-83.8
2256	-85.6
2257	-87.5
2258	-87.9
2259	-87.0
2260	-87.2
2261	-87.4
2262	-88.2
2263	-89.7
2264	-89.9
2265	-89.9
2266	-90.5
2267	-91.5
2268	-92.5
2269	-92.9
2270	-93.0
2271	-93.3
2272	-94.5
2273	-94.8
2274	-95.0
2275	-95.8
2276	-96.6
2277	-97.0
2278	-97.5
2279	-97.9
2280	-98.5
2281	-98.7
2282	-99.1
2283	-99.7
2284	-100.5
2285	-100.7
2286	-100.9
2287	-101.4
2288	-101.9
2289	-102.2
2290	-102.6
2291	-102.7
2292	-103.0
2293	-103.6
2294	-104.5
2295	-105.5
2296	-105.7
2297	-106.3
2298	-106.9
2299	-107.3
2300	-107.8
2301	-107.8
2302	-107.7
2303	-107.8
2304	-107.8
2305	-108.0
2306	-108.8
2307	-109.1
2308	-109.0
2309	-108.8
2310	-109.0
2311	-109.3
2312	-110.0
2313	-110.5
2314	-111.0
2315	-111.9
2316	-112.0
2317	-112.0
2318	-112.1
2319	-112.3
2320	-112.7
2321	-112.8
2322	-112.7
2323	-112.9
2324	-113.4
2325	-113.9
2326	-114.3
2327	-113.9
2328	-113.9
2329	-114.1
2330	-114.6
2331	-114.8
2332	-114.6
2333	-115.2
2334	-115.7
2335	-115.9
2336	-115.9
2337	-115.8
2338	-115.9
2339	-116.4
2340	-116.7
2341	-116.5
2342	-116.4
2343	-116.8
2344	-117.6
2345	-117.2
2346	-117.1
2347	-117.9
2348	-117.9
2349	-118.2
2350	-118.6
2351	-118.7
2352	-118.3
2353	-117.6
2354	-118.1
2355	-119.2
2356	-119.6
2357	-119.4
2358	-119.2
2359	-119.3
2360	-118.8
2361	-119.0
2362	-119.2
2363	-119.5
2364	-120.0
2365	-120.0
2366	-119.9
2367	-119.8
2368	-120.4
2369	-120.8
2370	-121.0
2371	-121.3
2372	-121.1
2373	-121.2
2374	-121.4
2375	-120.7
2376	-120.4
2377	-120.4
2378	-121.0
2379	-121.3
2380	-121.4
2381	-121.8
2382	-121.9
2383	-122.2
2384	-123.1
2385	-123.0
2386	-122.6
2387	-122.5
2388	-122.3
2389	-122.4
2390	-123.0
2391	-122.4
2392	-122.5
2393	-122.6
2394	-122.6
2395	-122.4
2396	-123.0
2397	-123.4
2398	-123.3
2399	-122.9
2400	-123.2
2401	-123.6
2402	-124.0
2403	-123.4
2404	-123.5
2405	-123.7
2406	-123.6
2407	-123.5
2408	-123.4
2409	-123.8
2410	-123.6
2411	-124.4
2412	-124.3
2413	-124.5
2414	-124.8
2415	-124.3
2416	-124.0
2417	-124.9
2418	-125.2
2419	-125.0
2420	-124.1
2421	-124.5
2422	-125.1
2423	-124.7
2424	-124.6
2425	-124.4
2426	-124.2
2427	-124.5
2428	-124.7
2429	-124.6
2430	-125.0
2431	-124.3
2432	-96.6
2433	58.7
2434	384.4
2435	961.8
2436	1734.3
2437	2309.7
2438	2934.6
2439	3510.8
2440	3975.8
2441	4613.8
2442	5068.3
2443	5624.0
2444	6175.9
2445	6554.9
2446	7105.7
2447	7452.5
2448	7832.5
2449	8311.1
2450	8584.4
2451	9062.0
2452	9443.0
2453	9724.7
2454	10196.5
2455	10430.1
2456	10738.1
2457	11144.4
2458	11318.6
2459	11698.4
2460	12042.1
2461	12224.8
2462	12639.0
2463	12884.8
2464	13089.6
2465	13495.2
2466	13665.8
2467	13913.9
2468	14289.8
2469	14423.5
2470	14712.8
2471	15038.1
2472	15142.0
2473	15455.1
2474	15732.9
2475	15832.7
2476	16167.0
2477	16407.9
2478	16514.2
2479	16855.5
2480	17056.7
2481	17167.1
2482	17501.6
2483	17669.6
2484	17781.4
2485	18120.2
2486	18280.1
2487	18400.7
2488	18731.1
2489	18869.6
2490	18984.4
2491	19307.9
2492	19436.8
2493	19537.2
2494	19848.5
2495	19979.4
2496	20074.5
2497	20382.6
2498	20518.3
2499	20588.9
2500	20874.0
2501	21017.7
2502	21062.5
2503	21328.9
2504	21500.6
2505	21530.0
2506	21767.0
2507	21979.1
2508	22022.5
2509	22245.3
2510	22471.6
2511	22488.5
2512	22646.9
2513	22892.2
2514	22925.4
2515	23040.1
2516	23300.7
2517	23358.1
2518	23416.4
2519	23666.2
2520	23766.8
2521	23779.6
2522	23999.3
2523	24171.6
2524	24173.8
2525	24337.7
2526	24555.4
2527	24568.7
2528	24673.1
2529	24912.8
2530	24958.1
2531	25022.5
2532	25283.4
2533	25395.0
2534	25402.6
2535	25596.5
2536	25758.2
2537	25745.0
2538	25877.4
2539	26096.0
2540	26114.6
2541	26206.7
2542	26457.5
2543	26524.8
2544	26538.9
2545	26742.8
2546	26872.9
2547	26859.2
2548	27011.8
2549	27213.3
2550	27207.2
2551	27273.0
2552	27490.7
2553	27534.2
2554	27528.1
2555	27712.9
2556	27848.3
2557	27812.3
2558	27909.4
2559	28101.2
2560	28090.9
2561	28098.5
2562	28287.1
2563	28369.9
2564	28321.3
2565	28431.7
2566	28607.2
2567	28577.5
2568	28591.2
2569	28775.2
2570	28833.9
2571	28793.0
2572	28938.4
2573	29120.5
2574	29106.2
2575	29175.0
2576	29384.7
2577	29423.5
2578	29410.9
2579	29574.5
2580	29704.4
2581	29664.7
2582	29744.2
2583	29936.3
2584	29937.6
2585	29923.8
2586	30084.7
2587	30177.4
2588	30108.7
2589	30171.7
2590	30346.1
2591	30326.0
2592	30284.4
2593	30420.6
2594	30521.3
2595	30442.7
2596	30475.8
2597	30654.4
2598	30670.3
2599	30628.1
2600	30755.6
2601	30877.6
2602	30807.7
2603	30827.3
2604	30999.7
2605	31021.8
2606	30954.7
2607	31054.9
2608	31199.9
2609	31150.6
2610	31163.4
2611	31337.5
2612	31382.9
2613	31302.2
2614	31370.3
2615	31517.9
2616	31464.1
2617	31416.2
2618	31544.7
2619	31630.1
2620	31536.4
2621	31549.9
2622	31710.6
2623	31714.5
2624	31633.1
2625	31715.3
2626	31850.6
2627	31782.5
2628	31746.0
2629	31884.8
2630	31950.7
2631	31852.1
2632	31876.1
2633	32033.9
2634	32023.6
2635	31951.1
2636	32048.5
2637	32174.2
2638	32094.9
2639	32067.0
2640	32208.2
2641	32261.1
2642	32170.1
2643	32216.6
2644	32374.3
2645	32340.6
2646	32267.5
2647	32368.5
2648	32481.0
2649	32393.3
2650	32369.0
2651	32513.6
2652	32555.7
2653	32456.5
2654	32493.4
2655	32641.6
2656	32604.8
2657	32528.2
2658	32625.4
2659	32739.3
2660	32646.5
2661	32610.0
2662	32743.7
2663	32791.4
2664	32696.2
2665	32748.8
2666	32922.1
2667	32910.5
2668	32853.0
2669	32958.2
2670	33063.5
2671	32981.0
2672	32973.5
2673	33123.0
2674	33148.5
2675	33044.5
2676	33084.8
2677	33226.1
2678	33184.8
2679	33144.6
2680	33290.2
2681	33403.6
2682	33322.6
2683	33328.9
2684	33477.6
2685	33477.9
2686	33384.3
2687	33449.2
2688	33581.6
2689	33503.2
2690	33430.1
2691	33532.1
2692	33612.9
2693	33504.8
2694	33483.6
2695	33625.1
2696	33647.8
2697	33534.0
2698	33558.5
2699	33695.4
2700	33650.5
2701	33573.6
2702	33671.1
2703	33787.3
2704	33695.1
2705	33646.3
2706	33769.6
2707	33825.7
2708	33725.7
2709	33750.8
2710	33907.6
2711	33889.7
2712	33795.5
2713	33865.4
2714	33991.7
2715	33917.0
2716	33862.7
2717	33977.1
2718	34043.6
2719	33937.8
2720	33936.9
2721	34079.6
2722	34076.4
2723	33984.7
2724	34057.4
2725	34201.7
2726	34146.4
2727	34100.5
2728	34224.9
2729	34299.1
2730	34190.6
2731	34182.5
2732	34325.5
2733	34328.7
2734	34219.4
2735	34256.5
2736	34385.9
2737	34321.9
2738	34235.7
2739	34322.6
2740	34423.1
2741	34319.1
2742	34266.7
2743	34380.3
2744	34423.3
2745	34305.6
2746	34308.6
2747	34451.5
2748	34445.7
2749	34346.4
2750	34397.9
2751	34522.4
2752	34443.3
2753	34357.8
2754	34442.8
2755	34532.4
2756	34425.2
2757	34375.8
2758	34491.9
2759	34532.9
2760	34417.1
2761	34421.9
2762	34562.4
2763	34546.1
2764	34439.6
2765	34487.0
2766	34611.8
2767	34532.3
2768	34446.7
2769	34532.1
2770	34621.8
2771	34512.9
2772	34460.9
2773	34577.1
2774	34620.4
2775	34497.7
2776	34486.6
2777	34620.3
2778	34612.4
2779	34498.3
2780	34531.6
2781	34661.8
2782	34598.1
2783	34502.3
2784	34573.4
2785	34675.8
2786	34576.4
2787	34516.0
2788	34626.3
2789	34688.7
2790	34575.5
2791	34560.3
2792	34693.0
2793	34693.3
2794	34576.4
2795	34603.2
2796	34734.4
2797	34676.8
2798	34572.7
2799	34631.0
2800	34735.8
2801	34636.6
2802	34570.8
2803	34692.5
2804	34781.8
2805	34681.9
2806	34662.2
2807	34789.4
2808	34794.3
2809	34681.3
2810	34710.8
2811	34846.6
2812	34795.7
2813	34697.5
2814	34763.2
2815	34868.5
2816	34776.5
2817	34721.8
2818	34831.3
2819	34891.3
2820	34766.3
2821	34735.0
2822	34859.2
2823	34870.2
2824	34746.8
2825	34755.5
2826	34884.7
2827	34846.9
2828	34742.7
2829	34798.4
2830	34914.7
2831	34825.5
2832	34635.9
2833	34184.6
2834	33479.5
2835	32807.6
2836	32235.3
2837	31699.4
2838	31156.8
2839	30591.0
2840	30009.9
2841	29436.7
2842	28892.0
2843	28380.7
2844	27892.3
2845	27408.1
2846	26913.9
2847	26406.5
2848	25895.2
2849	25394.2
2850	24913.6
2851	24452.8
2852	24002.4
2853	23552.2
2854	23096.6
2855	22636.8
2856	22179.7
2857	21732.5
2858	21298.2
2859	20876.0
2860	20461.5
2861	20048.9
2862	19634.7
2863	19220.3
2864	18810.0
2865	18406.4
2866	18010.9
2867	17623.6
2868	17242.6
2869	16866.4
2870	16491.8
2871	16119.1
2872	15751.4
2873	15387.2
2874	15028.5
2875	14677.5
2876	14332.1
2877	13992.1
2878	13656.6
2879	13323.8
2880	12993.9
2881	12670.2
2882	12353.4
2883	12041.6
2884	11735.3
2885	11434.8
2886	11137.9
2887	10844.3
2888	10555.9
2889	10271.7
2890	9992.3
2891	9719.3
2892	9451.9
2893	9189.5
2894	8932.0
2895	8678.6
2896	8430.1
2897	8187.6
2898	7950.5
2899	7717.5
2900	7488.4
2901	7263.2
2902	7040.7
2903	6823.8
2904	6612.0
2905	6403.1
2906	6199.1
2907	6000.2
2908	5806.5
2909	5618.1
2910	5434.0
2911	5253.6
2912	5073.3
2913	4888.5
2914	4698.0
2915	4504.4
2916	4310.2
2917	4117.4
2918	3926.4
2919	3735.9
2920	3547.3
2921	3362.6
2922	3182.6
2923	3008.1
2924	2840.1
2925	2678.4
2926	2524.3
2927	2377.1
2928	2235.7
2929	2100.0
2930	1970.1
2931	1847.0
2932	1730.6
2933	1620.4
2934	1517.3
2935	1420.8
2936	1330.4
2937	1245.2
2938	1164.7
2939	1088.9
2940	1017.7
2941	950.9
2942	889.0
2943	832.2
2944	779.8
2945	730.9
2946	684.7
2947	641.3
2948	601.0
2949	564.2
2950	529.8
2951	497.8
2952	467.3
2953	439.5
2954	414.4
2955	390.7
2956	368.2
2957	347.3
2958	327.5
2959	309.3
2960	292.8
2961	277.1
2962	262.3
2963	247.9
2964	234.6
2965	222.7
2966	211.3
2967	200.9
2968	190.0
2969	180.1
2970	171.1
2971	162.6
2972	154.5
2973	146.2
2974	138.9
2975	132.0
2976	125.4
2977	118.7
2978	112.4
2979	106.8
2980	101.5
2981	96.2
2982	90.6
2983	85.4
2984	80.2
2985	75.1
2986	70.0
2987	65.4
2988	60.8
2989	56.5
2990	52.6
2991	49.2
2992	45.4
2993	42.1
2994	38.5
2995	35.4
2996	33.0
2997	30.3
2998	27.5
2999	24.2
3000	21.0
3001	17.6
3002	15.1
3003	12.6
3004	10.5
3005	7.6
3006	4.4
3007	2.2
3008	0.1
3009	-2.0
3010	-4.5
3011	-6.5
3012	-8.4
3013	-11.0
3014	-13.4
3015	-15.3
3016	-17.0
3017	-18.8
3018	-20.9
3019	-23.1
3020	-24.9
3021	-26.7
3022	-28.5
3023	-30.3
3024	-31.9
3025	-34.1
3026	-34.9
3027	-36.1
3028	-38.0
3029	-39.9
3030	-41.5
3031	-42.8
3032	-43.6
3033	-45.0
3034	-46.7
3035	-48.5
3036	-49.8
3037	-51.1
3038	-51.8
3039	-52.5
3040	-54.6
3041	-56.3
3042	-57.0
3043	-57.8
3044	-58.7
3045	-60.2
3046	-61.5
3047	-62.5
3048	-63.5
3049	-64.1
3050	-65.5
3051	-66.7
3052	-67.4
3053	-67.9
3054	-68.9
3055	-70.3
3056	-72.6
3057	-73.7
3058	-73.6
3059	-73.5
3060	-74.8
3061	-76.7
3062	-78.1
3063	-79.0
3064	-80.0
3065	-80.5
3066	-81.1
3067	-81.7
3068	-82.7
3069	-83.2
3070	-83.6
3071	-84.4
3072	-84.1
3073	-84.1
3074	-84.4
3075	-84.9
3076	-85.8
3077	-86.5
3078	-86.9
3079	-87.1
3080	-88.1
3081	-89.0
3082	-89.4
3083	-90.1
3084	-90.5
3085	-91.0
3086	-91.6
3087	-91.9
3088	-92.0
3089	-92.7
3090	-93.5
3091	-94.4
3092	-94.9
3093	-95.0
3094	-94.8
3095	-95.2
3096	-96.1
3097	-96.8
3098	-97.3
3099	-97.1
3100	-97.4
3101	-98.1
3102	-98.5
3103	-98.8
3104	-99.2
3105	-99.2
3106	-100.1
3107	-100.6
3108	-100.4
3109	-100.9
3110	-101.1
3111	-101.4
3112	-101.6
3113	-102.4
3114	-102.8
3115	-103.2
3116	-103.3
3117	-103.3
3118	-103.9
3119	-104.7
3120	-104.5
3121	-104.4
3122	-105.2
3123	-105.7
3124	-106.0
3125	-105.8
3126	-105.8
3127	-106.4
3128	-106.3
3129	-106.5
3130	-107.0
3131	-107.9
3132	-108.2
3133	-107.9
3134	-108.2
3135	-108.7
3136	-108.9
3137	-108.6
3138	-108.6
3139	-108.8
3140	-109.2
3141	-109.5
3142	-109.2
3143	-109.7
3144	-110.3
3145	-110.3
3146	-110.4
3147	-110.8
3148	-111.5
3149	-112.7
3150	-113.2
3151	-112.6
3152	-111.8
3153	-112.1
3154	-112.7
3155	-112.6
3156	-112.4
3157	-112.7
3158	-112.6
3159	-112.4
3160	-113.0
3161	-113.0
3162	-112.9
3163	-113.6
3164	-114.2
3165	-114.0
3166	-113.7
3167	-114.0
3168	-114.0
3169	-114.0
3170	-114.1
3171	-114.5
3172	-115.1
3173	-115.1
3174	-114.9
3175	-115.4
3176	-115.4
3177	-114.7
3178	-115.4
3179	-115.6
3180	-115.7
3181	-116.0
3182	-116.3
3183	-116.4
3184	-116.5
3185	-116.1
3186	-116.2
3187	-116.7
3188	-117.2
3189	-117.2
3190	-116.9
3191	-116.6
3192	-117.0
3193	-116.9
3194	-116.6
3195	-117.5
3196	-117.4
3197	-117.0
3198	-117.1
3199	-117.9
3200	-118.3
3201	-118.0
3202	-118.5
3203	-117.9
3204	-118.1
3205	-118.5
3206	-118.7
3207	-118.6
3208	-118.9
3209	-118.6
3210	-119.4
3211	-119.5
3212	-119.1
3213	-119.2
3214	-119.2
3215	-119.3
3216	-119.5
3217	-119.4
3218	-119.7
3219	-120.2
3220	-120.7
3221	-121.7
3222	-121.3
3223	-120.6
3224	-120.5
3225	-120.6
3226	-120.4
3227	-120.5
3228	-120.4
3229	-120.2
3230	-120.1
3231	-120.5
3232	-111.6
3233	49.2
3234	514.7
3235	1039.6
3236	1754.0
3237	2416.8
3238	2922.4
3239	3582.1
3240	4053.9
3241	4618.2
3242	5226.3
3243	5651.7
3244	6270.5
3245	6695.3
3246	7096.9
3247	7630.1
3248	7910.3
3249	8377.5
3250	8808.6
3251	9078.6
3252	9598.2
3253	9916.8
3254	10223.6
3255	10697.3
3256	10890.1
3257	11234.2
3258	11641.0
3259	11809.8
3260	12219.1
3261	12552.3
3262	12713.0
3263	13135.1
3264	13383.3
3265	13552.4
3266	13975.5
3267	14168.4
3268	14371.2
3269	14786.3
3270	14933.9
3271	15154.1
3272	15543.7
3273	15656.4
3274	15887.7
3275	16252.5
3276	16347.5
3277	16586.7
3278	16931.8
3279	17004.4
3280	17235.6
3281	17574.5
3282	17643.5
3283	17861.9
3284	18188.4
3285	18246.5
3286	18442.8
3287	18773.3
3288	18842.6
3289	19028.0
3290	19367.2
3291	19443.3
3292	19596.2
3293	19925.0
3294	20000.3
3295	20108.4
3296	20432.7
3297	20534.7
3298	20597.8
3299	20912.6
3300	21068.4
3301	21110.9
3302	21394.8
3303	21582.8
3304	21607.5
3305	21857.6
3306	22087.3
3307	22093.5
3308	22271.0
3309	22536.0
3310	22560.6
3311	22673.7
3312	22958.9
3313	23024.2
3314	23072.9
3315	23342.9
3316	23476.1
3317	23482.3
3318	23704.8
3319	23910.2
3320	23903.5
3321	24046.9
3322	24305.6
3323	24334.4
3324	24402.0
3325	24661.3
3326	24747.1
3327	24747.0
3328	24963.3
3329	25144.6
3330	25130.3
3331	25277.5
3332	25533.1
3333	25571.2
3334	25651.4
3335	25906.3
3336	25986.4
3337	26016.9
3338	26267.4
3339	26443.2
3340	26446.3
3341	26615.1
3342	26836.6
3343	26841.7
3344	26923.2
3345	27162.1
3346	27213.6
3347	27214.9
3348	27414.5
3349	27553.5
3350	27510.9
3351	27614.3
3352	27827.3
3353	27827.1
3354	27840.8
3355	28052.6
3356	28161.6
3357	28118.2
3358	28236.4
3359	28429.0
3360	28404.4
3361	28414.0
3362	28610.2
3363	28693.1
3364	28640.7
3365	28756.4
3366	28943.9
3367	28912.0
3368	28910.5
3369	29098.1
3370	29176.7
3371	29109.3
3372	29204.5
3373	29393.9
3374	29363.2
3375	29337.8
3376	29508.1
3377	29606.2
3378	29527.7
3379	29584.8
3380	29774.5
3381	29764.7
3382	29711.0
3383	29850.8
3384	29987.3
3385	29916.2
3386	29930.1
3387	30108.8
3388	30134.6
3389	30053.0
3390	30148.5
3391	30318.0
3392	30267.0
3393	30237.7
3394	30398.2
3395	30486.3
3396	30402.1
3397	30446.9
3398	30626.3
3399	30624.3
3400	30567.2
3401	30691.6
3402	30826.7
3403	30750.5
3404	30744.8
3405	30916.7
3406	30963.6
3407	30868.4
3408	30927.8
3409	31097.5
3410	31063.2
3411	31006.5
3412	31141.7
3413	31259.2
3414	31170.2
3415	31173.7
3416	31348.6
3417	31374.7
3418	31278.5
3419	31348.8
3420	31511.1
3421	31462.4
3422	31406.9
3423	31535.5
3424	31637.5
3425	31545.5
3426	31561.1
3427	31742.6
3428	31771.6
3429	31689.0
3430	31769.7
3431	31923.0
3432	31863.2
3433	31826.6
3434	31981.6
3435	32079.8
3436	31997.5
3437	32038.2
3438	32221.6
3439	32219.5
3440	32148.4
3441	32255.7
3442	32389.2
3443	32305.8
3444	32271.8
3445	32413.0
3446	32465.2
3447	32356.7
3448	32389.9
3449	32561.6
3450	32544.2
3451	32450.9
3452	32534.5
3453	32668.9
3454	32590.7
3455	32549.6
3456	32685.0
3457	32753.3
3458	32639.0
3459	32636.8
3460	32790.7
3461	32791.6
3462	32689.6
3463	32755.4
3464	32910.1
3465	32858.9
3466	32797.3
3467	32913.0
3468	33008.4
3469	32901.6
3470	32874.6
3471	33019.2
3472	33054.6
3473	32943.1
3474	32968.2
3475	33119.3
3476	33088.9
3477	32999.8
3478	33080.0
3479	33202.4
3480	33114.5
3481	33074.2
3482	33216.1
3483	33297.5
3484	33198.2
3485	33201.3
3486	33346.7
3487	33334.9
3488	33221.6
3489	33265.8
3490	33401.1
3491	33332.2
3492	33237.0
3493	33322.4
3494	33432.7
3495	33327.1
3496	33266.3
3497	33385.0
3498	33450.8
3499	33333.1
3500	33320.7
3501	33467.5
3502	33475.5
3503	33361.7
3504	33400.6
3505	33543.0
3506	33492.9
3507	33398.8
3508	33474.7
3509	33588.5
3510	33486.8
3511	33416.7
3512	33528.2
3513	33604.6
3514	33485.0
3515	33454.1
3516	33589.7
3517	33613.8
3518	33505.6
3519	33549.4
3520	33705.0
3521	33667.4
3522	33571.4
3523	33647.7
3524	33770.1
3525	33677.0
3526	33615.1
3527	33732.4
3528	33806.3
3529	33679.7
3530	33649.1
3531	33791.2
3532	33816.7
3533	33693.9
3534	33706.4
3535	33846.4
3536	33807.7
3537	33693.6
3538	33746.9
3539	33877.0
3540	33797.4
3541	33716.8
3542	33819.2
3543	33921.4
3544	33818.5
3545	33782.3
3546	33912.6
3547	33958.3
3548	33843.7
3549	33849.7
3550	33996.8
3551	33980.3
3552	33881.1
3553	33950.4
3554	34090.0
3555	34023.3
3556	33957.7
3557	34065.1
3558	34149.7
3559	34030.0
3560	33979.9
3561	34096.3
3562	34132.2
3563	34009.3
3564	34015.2
3565	34166.0
3566	34153.3
3567	34039.2
3568	34079.8
3569	34209.8
3570	34140.8
3571	34045.7
3572	34120.0
3573	34224.7
3574	34122.3
3575	34062.1
3576	34181.0
3577	34250.0
3578	34132.3
3579	34115.2
3580	34251.0
3581	34254.7
3582	34130.2
3583	34149.5
3584	34289.3
3585	34250.5
3586	34148.0
3587	34209.3
3588	34330.8
3589	34247.0
3590	34175.3
3591	34282.2
3592	34370.0
3593	34251.0
3594	34202.3
3595	34321.2
3596	34352.4
3597	34220.5
3598	34203.5
3599	34331.0
3600	34313.9
3601	34180.7
3602	34194.7
3603	34325.2
3604	34271.4
3605	34164.1
3606	34230.7
3607	34353.5
3608	34266.7
3609	34202.4
3610	34314.7
3611	34400.0
3612	34298.1
3613	34298.2
3614	34453.3
3615	34475.1
3616	34357.3
3617	34375.7
3618	34511.5
3619	34469.0
3620	34359.9
3621	34410.1
3622	34527.8
3623	34438.8
3624	34345.3
3625	34424.4
3626	34514.6
3627	34407.1
3628	34366.4
3629	34490.5
3630	34541.9
3631	34414.6
3632	34274.9
3633	33819.3
3634	33163.1
3635	32559.8
3636	32005.1
3637	31467.5
3638	30921.5
3639	30358.3
3640	29785.8
3641	29221.0
3642	28680.7
3643	28169.3
3644	27677.3
3645	27187.6
3646	26689.3
3647	26181.2
3648	25672.4
3649	25175.4
3650	24695.9
3651	24232.3
3652	23777.3
3653	23323.3
3654	22864.9
3655	22403.4
3656	21945.5
3657	21497.0
3658	21060.9
3659	20635.8
3660	20216.8
3661	19798.5
3662	19380.9
3663	18964.5
3664	18551.7
3665	18145.3
3666	17746.8
3667	17355.5
3668	16969.8
3669	16588.4
3670	16208.8
3671	15831.6
3672	15458.9
3673	15092.0
3674	14732.9
3675	14379.6
3676	14030.9
3677	13686.1
3678	13345.6
3679	13009.7
3680	12677.5
3681	12350.2
3682	12028.6
3683	11714.6
3684	11406.3
3685	11101.7
3686	10801.3
3687	10504.0
3688	10211.3
3689	9923.5
3690	9641.1
3691	9364.4
3692	9093.8
3693	8829.0
3694	8568.9
3695	8312.2
3696	8059.6
3697	7812.0
3698	7568.9
3699	7329.4
3700	7094.6
3701	6864.4
3702	6638.7
3703	6416.7
3704	6198.3
3705	5981.5
3706	5761.3
3707	5534.1
3708	5302.3
3709	5066.9
3710	4829.5
3711	4592.7
3712	4360.0
3713	4132.3
3714	3909.5
3715	3692.0
3716	3481.8
3717	3279.7
3718	3085.7
3719	2900.6
3720	2725.1
3721	2558.5
3722	2400.5
3723	2249.6
3724	2105.6
3725	1969.0
3726	1839.7
3727	1718.4
3728	1604.6
3729	1497.5
3730	1397.7
3731	1304.8
3732	1217.0
3733	1135.2
3734	1058.6
3735	987.4
3736	921.1
3737	859.4
3738	802.5
3739	749.5
3740	701.0
3741	655.9
3742	613.6
3743	574.9
3744	538.6
3745	504.8
3746	474.2
3747	445.8
3748	418.8
3749	393.5
3750	370.6
3751	349.5
3752	330.1
3753	312.3
3754	295.3
3755	278.8
3756	263.5
3757	248.9
3758	235.8
3759	224.1
3760	212.7
3761	201.6
3762	191.2
3763	181.0
3764	171.4
3765	162.6
3766	154.4
3767	146.8
3768	139.7
3769	132.4
3770	125.4
3771	119.2
3772	112.9
3773	106.8
3774	101.2
3775	95.7
3776	90.1
3777	84.6
3778	79.7
3779	74.8
3780	70.5
3781	66.5
3782	61.8
3783	57.5
3784	53.6
3785	49.4
3786	45.6
3787	42.5
3788	39.4
3789	35.6
3790	32.1
3791	29.2
3792	25.7
3793	22.3
3794	18.7
3795	16.0
3796	13.5
3797	10.8
3798	8.8
3799	6.6
3800	3.2
3801	-0.0
3802	-3.0
3803	-5.1
3804	-7.4
3805	-8.7
3806	-10.9
3807	-12.9
3808	-15.3
3809	-18.0
3810	-20.1
3811	-22.0
3812	-23.7
3813	-25.5
3814	-27.3
3815	-29.5
3816	-31.3
3817	-32.6
3818	-34.0
3819	-36.6
3820	-39.2
3821	-40.7
3822	-42.2
3823	-42.6
3824	-44.4
3825	-46.0
3826	-47.0
3827	-48.2
3828	-49.5
3829	-51.2
3830	-52.7
3831	-53.3
3832	-54.7
3833	-56.1
3834	-56.9
3835	-58.9
3836	-60.3
3837	-61.3
3838	-62.4
3839	-63.4
3840	-64.2
3841	-65.2
3842	-66.5
3843	-67.6
3844	-68.3
3845	-69.3
3846	-70.7
3847	-71.7
3848	-72.4
3849	-73.7
3850	-74.8
3851	-74.9
3852	-76.2
3853	-77.1
3854	-78.1
3855	-78.6
3856	-79.0
3857	-79.8
3858	-81.2
3859	-82.4
3860	-82.9
3861	-83.1
3862	-83.6
3863	-84.1
3864	-85.3
3865	-86.2
3866	-86.7
3867	-87.1
3868	-87.4
3869	-88.2
3870	-89.1
3871	-89.8
3872	-90.2
3873	-90.7
3874	-91.7
3875	-92.6
3876	-92.8
3877	-92.7
3878	-93.6
3879	-94.8
3880	-94.9
3881	-95.0
3882	-96.0
3883	-96.3
3884	-96.8
3885	-97.6
3886	-98.0
3887	-98.1
3888	-99.1
3889	-100.8
3890	-101.7
3891	-101.9
3892	-102.3
3893	-102.9
3894	-103.2
3895	-103.9
3896	-104.1
3897	-104.6
3898	-105.2
3899	-105.7
3900	