90.4
622	89.7
623	88.8
624	88.4
625	87.0
626	85.2
627	83.0
628	81.2
629	79.7
630	78.1
631	76.8
632	75.4
633	74.5
634	73.9
635	73.5
636	73.0
637	71.0
638	68.7
639	67.8
640	67.3
641	65.9
642	63.8
643	62.9
644	61.8
645	60.9
646	59.3
647	58.3
648	57.4
649	56.7
650	56.0
651	54.8
652	53.8
653	52.9
654	52.3
655	51.9
656	50.9
657	50.3
658	49.6
659	48.5
660	47.7
661	46.8
662	45.7
663	45.2
664	44.7
665	44.0
666	43.7
667	43.3
668	44.5
669	43.6
670	40.8
671	40.6
672	40.7
673	41.3
674	40.4
675	38.3
676	37.3
677	36.6
678	36.4
679	35.9
680	35.6
681	35.2
682	34.5
683	34.9
684	34.9
685	34.1
686	32.3
687	31.4
688	31.4
689	32.0
690	32.5
691	31.8
692	29.8
693	29.0
694	29.0
695	28.8
696	28.3
697	28.1
698	27.4
699	26.9
700	26.6
701	26.2
702	25.7
703	26.2
704	27.0
705	26.2
706	24.5
707	24.4
708	24.7
709	24.0
710	23.5
711	22.7
712	21.9
713	22.3
714	22.9
715	22.2
716	21.7
717	21.3
718	20.9
719	21.3
720	20.8
721	20.5
722	20.2
723	19.9
724	19.3
725	18.2
726	17.7
727	18.2
728	19.2
729	19.8
730	20.5
731	19.4
732	18.7
733	19.1
734	16.3
735	15.7
736	17.1
737	18.1
738	18.7
739	17.5
740	15.5
741	15.2
742	16.0
743	16.8
744	17.2
745	15.8
746	14.8
747	14.3
748	15.6
749	16.3
750	15.0
751	14.0
752	14.3
753	14.4
754	14.4
755	16.4
756	18.0
757	16.2
758	13.3
759	10.8
760	11.0
761	12.7
762	14.7
763	15.8
764	14.9
765	13.7
766	13.3
767	12.3
768	11.6
769	11.4
770	12.7
771	14.2
772	14.7
773	13.5
774	12.0
775	11.1
776	10.4
777	10.7
778	11.9
779	13.2
780	13.4
781	12.3
782	10.5
783	8.9
784	8.7
785	11.3
786	14.5
787	15.0
788	11.7
789	8.0
790	6.2
791	6.9
792	9.0
793	12.0
794	14.5
795	13.6
796	9.0
797	6.4
798	8.1
799	11.1
800	12.0
801	11.0
802	10.3
803	10.7
804	9.7
805	6.8
806	4.2
807	5.0
808	8.7
809	13.2
810	15.3
811	12.8
812	8.3
813	5.0
814	5.1
815	7.3
816	9.2
817	10.9
818	12.0
819	11.9
820	8.8
821	4.5
822	2.7
823	4.2
824	7.7
825	11.5
826	11.6
827	8.7
828	4.4
829	3.1
830	5.7
831	9.6
832	8.5
833	142.6
834	731.9
835	1458.7
836	2144.8
837	2913.8
838	3485.8
839	4150.7
840	4725.4
841	5323.8
842	5985.0
843	6496.7
844	7138.8
845	7576.3
846	8078.0
847	8566.6
848	8941.0
849	9490.5
850	9852.2
851	10331.9
852	10781.2
853	11104.7
854	11598.5
855	11883.4
856	12258.7
857	12669.7
858	12924.4
859	13386.5
860	13694.2
861	14008.1
862	14436.5
863	14646.1
864	15019.9
865	15358.5
866	15578.4
867	15999.0
868	16244.3
869	16511.8
870	16898.0
871	17067.1
872	17381.2
873	17702.7
874	17851.9
875	18203.6
876	18464.2
877	18633.8
878	18999.3
879	19199.9
880	19397.1
881	19751.1
882	19907.7
883	20138.0
884	20472.9
885	20604.1
886	20859.6
887	21163.6
888	21290.9
889	21585.3
890	21865.0
891	21988.4
892	22286.9
893	22528.4
894	22649.3
895	22947.0
896	23155.1
897	23267.9
898	23560.6
899	23754.6
900	23862.3
901	24145.2
902	24328.9
903	24431.9
904	24711.3
905	24890.7
906	24982.8
907	25247.8
908	25429.5
909	25513.7
910	25766.9
911	25951.1
912	26015.3
913	26248.8
914	26450.1
915	26513.6
916	26726.4
917	26929.7
918	26969.6
919	27141.3
920	27359.6
921	27403.4
922	27550.2
923	27789.3
924	27853.9
925	27996.3
926	28267.3
927	28375.4
928	28505.4
929	28752.8
930	28839.1
931	28925.2
932	29167.1
933	29277.8
934	29317.1
935	29515.5
936	29652.8
937	29672.6
938	29848.5
939	30035.4
940	30052.3
941	30172.8
942	30376.0
943	30398.7
944	30463.3
945	30669.8
946	30733.8
947	30749.6
948	30928.6
949	31046.0
950	31028.5
951	31158.7
952	31337.8
953	31334.7
954	31400.3
955	31591.8
956	31629.0
957	31638.4
958	31814.4
959	31924.3
960	31910.8
961	32048.2
962	32218.4
963	32200.5
964	32254.2
965	32437.3
966	32471.8
967	32467.7
968	32624.5
969	32729.9
970	32692.9
971	32792.8
972	32962.2
973	32948.4
974	32979.1
975	33155.9
976	33208.1
977	33178.0
978	33309.6
979	33450.4
980	33424.9
981	33493.0
982	33668.1
983	33673.9
984	33667.3
985	33821.5
986	33906.8
987	33855.0
988	33941.7
989	34099.1
990	34076.1
991	34086.9
992	34248.4
993	34297.6
994	34248.7
995	34354.4
996	34487.9
997	34436.6
998	34458.1
999	34620.6
1000	34648.7
1001	34605.0
1002	34724.0
1003	34839.9
1004	34772.9
1005	34795.3
1006	34947.1
1007	34949.0
1008	34902.0
1009	35023.7
1010	35134.1
1011	35068.0
1012	35102.8
1013	35267.4
1014	35289.8
1015	35273.1
1016	35408.8
1017	35504.8
1018	35454.5
1019	35522.7
1020	35672.3
1021	35645.9
1022	35624.3
1023	35758.0
1024	35826.5
1025	35758.5
1026	35821.5
1027	35968.7
1028	35938.0
1029	35925.5
1030	36070.6
1031	36129.9
1032	36060.0
1033	36125.9
1034	36258.1
1035	36207.5
1036	36177.1
1037	36301.5
1038	36352.7
1039	36262.8
1040	36303.4
1041	36440.4
1042	36401.6
1043	36356.3
1044	36470.6
1045	36538.8
1046	36448.4
1047	36475.4
1048	36613.8
1049	36587.1
1050	36523.4
1051	36622.0
1052	36709.1
1053	36615.5
1054	36611.4
1055	36745.9
1056	36749.1
1057	36665.5
1058	36733.3
1059	36842.3
1060	36765.0
1061	36738.5
1062	36865.1
1063	36895.5
1064	36792.5
1065	36825.7
1066	36950.7
1067	36898.8
1068	36842.8
1069	36950.9
1070	37022.1
1071	36919.6
1072	36920.2
1073	37052.8
1074	37039.1
1075	36954.9
1076	37024.8
1077	37123.6
1078	37033.8
1079	37002.1
1080	37130.6
1081	37173.4
1082	37086.8
1083	37130.5
1084	37252.1
1085	37187.9
1086	37120.7
1087	37220.9
1088	37291.7
1089	37192.1
1090	37197.8
1091	37327.1
1092	37307.5
1093	37214.9
1094	37279.8
1095	37384.5
1096	37299.6
1097	37264.8
1098	37383.4
1099	37415.4
1100	37311.7
1101	37341.6
1102	37469.9
1103	37421.1
1104	37346.6
1105	37432.6
1106	37508.6
1107	37404.0
1108	37384.9
1109	37511.1
1110	37515.9
1111	37416.3
1112	37460.1
1113	37571.4
1114	37495.0
1115	37432.5
1116	37530.6
1117	37587.6
1118	37478.9
1119	37474.6
1120	37592.6
1121	37567.1
1122	37467.2
1123	37524.6
1124	37630.3
1125	37541.2
1126	37482.2
1127	37585.7
1128	37636.5
1129	37527.4
1130	37533.2
1131	37659.3
1132	37631.1
1133	37547.1
1134	37620.8
1135	37719.0
1136	37630.1
1137	37593.7
1138	37704.7
1139	37724.5
1140	37611.6
1141	37631.9
1142	37756.3
1143	37707.8
1144	37630.0
1145	37711.0
1146	37790.7
1147	37688.0
1148	37657.9
1149	37773.9
1150	37784.0
1151	37675.8
1152	37705.6
1153	37821.5
1154	37757.5
1155	37681.7
1156	37771.0
1157	37851.2
1158	37753.2
1159	37743.1
1160	37867.1
1161	37858.7
1162	37759.2
1163	37818.4
1164	37935.5
1165	37859.4
1166	37804.4
1167	37909.6
1168	37960.0
1169	37851.2
1170	37854.2
1171	37977.6
1172	37942.1
1173	37842.1
1174	37898.7
1175	37997.8
1176	37914.1
1177	37870.7
1178	37982.3
1179	38016.3
1180	37901.5
1181	37911.5
1182	38035.9
1183	37997.1
1184	37910.1
1185	37986.8
1186	38086.6
1187	37996.0
1188	37966.6
1189	38085.2
1190	38099.3
1191	37991.7
1192	38022.6
1193	38142.5
1194	38078.4
1195	38002.7
1196	38093.2
1197	38166.8
1198	38060.1
1199	38041.3
1200	38160.9
1201	38156.0
1202	38055.2
1203	38103.7
1204	38216.4
1205	38137.4
1206	38070.9
1207	38161.1
1208	38210.4
1209	38089.6
1210	38068.2
1211	38183.4
1212	38175.5
1213	38086.3
1214	38159.0
1215	38282.9
1216	38215.1
1217	38174.1
1218	38281.6
1219	38316.7
1220	38205.9
1221	38210.2
1222	38319.9
1223	38271.3
1224	38171.3
1225	38225.4
1226	38312.3
1227	38209.6
1228	38151.0
1229	38248.6
1230	38286.7
1231	38165.0
1232	38038.5
1233	37572.5
1234	36880.8
1235	36237.0
1236	35646.5
1237	35076.2
1238	34499.0
1239	33902.8
1240	33295.3
1241	32695.1
1242	32121.9
1243	31579.7
1244	31056.0
1245	30534.6
1246	30004.1
1247	29464.9
1248	28926.2
1249	28398.7
1250	27888.4
1251	27395.8
1252	26911.4
1253	26426.5
1254	25936.3
1255	25444.0
1256	24956.2
1257	24478.8
1258	24013.6
1259	23558.5
1260	23109.0
1261	22659.3
1262	22208.3
1263	21758.9
1264	21315.1
1265	20878.7
1266	20451.6
1267	20031.2
1268	19613.0
1269	19196.6
1270	18782.8
1271	18372.6
1272	17967.5
1273	17568.1
1274	17175.9
1275	16790.8
1276	16409.0
1277	16029.8
1278	15654.4
1279	15283.7
1280	14917.8
1281	14557.0
1282	14202.4
1283	13853.6
1284	13509.5
1285	13171.3
1286	12837.8
1287	12506.4
1288	12180.0
1289	11859.3
1290	11545.1
1291	11236.1
1292	10931.4
1293	10630.7
1294	10333.9
1295	10041.0
1296	9752.7
1297	9471.3
1298	9196.6
1299	8927.3
1300	8662.7
1301	8402.6
1302	8146.8
1303	7894.7
1304	7647.7
1305	7405.4
1306	7167.9
1307	6935.1
1308	6704.3
1309	6470.7
1310	6227.1
1311	5973.9
1312	5714.0
1313	5453.2
1314	5196.0
1315	4943.7
1316	4693.5
1317	4451.2
1318	4215.4
1319	3986.5
1320	3766.2
1321	3555.2
1322	3355.0
1323	3164.9
1324	2984.2
1325	2812.0
1326	2648.2
1327	2492.0
1328	2342.3
1329	2200.6
1330	2066.9
1331	1940.5
1332	1822.7
1333	1712.3
1334	1609.2
1335	1513.3
1336	1422.2
1337	1335.0
1338	1253.7
1339	1179.2
1340	1110.1
1341	1047.4
1342	988.7
1343	932.8
1344	881.0
1345	833.1
1346	788.2
1347	746.1
1348	707.6
1349	672.6
1350	639.8
1351	609.8
1352	581.5
1353	555.6
1354	531.7
1355	509.2
1356	488.0
1357	467.1
1358	448.2
1359	431.4
1360	415.3
1361	400.6
1362	386.6
1363	372.9
1364	360.2
1365	348.9
1366	338.0
1367	327.5
1368	318.0
1369	310.1
1370	301.8
1371	292.9
1372	283.8
1373	275.9
1374	268.7
1375	262.1
1376	255.9
1377	250.0
1378	243.7
1379	237.1
1380	232.0
1381	227.0
1382	221.8
1383	216.5
1384	211.6
1385	207.3
1386	203.6
1387	199.7
1388	195.1
1389	190.5
1390	186.6
1391	182.7
1392	179.1
1393	175.0
1394	171.0
1395	167.7
1396	164.4
1397	161.3
1398	158.3
1399	155.2
1400	151.3
1401	148.3
1402	145.9
1403	143.0
1404	140.2
1405	138.0
1406	135.2
1407	132.6
1408	130.4
1409	127.6
1410	125.1
1411	123.1
1412	121.0
1413	118.6
1414	116.6
1415	116.1
1416	114.8
1417	112.2
1418	110.6
1419	108.1
1420	105.0
1421	103.8
1422	102.7
1423	100.6
1424	98.4
1425	96.3
1426	94.4
1427	92.3
1428	90.6
1429	89.6
1430	88.3
1431	86.2
1432	84.3
1433	83.1
1434	82.1
1435	81.5
1436	79.9
1437	78.0
1438	76.9
1439	76.3
1440	75.8
1441	74.0
1442	72.3
1443	70.8
1444	69.8
1445	68.5
1446	67.9
1447	67.2
1448	66.2
1449	64.8
1450	65.3
1451	64.8
1452	64.0
1453	64.6
1454	64.3
1455	62.3
1456	60.5
1457	60.0
1458	59.8
1459	59.6
1460	57.7
1461	54.9
1462	53.4
1463	52.2
1464	52.0
1465	51.6
1466	49.6
1467	48.2
1468	47.9
1469	47.5
1470	46.8
1471	46.0
1472	45.7
1473	45.7
1474	46.2
1475	45.3
1476	43.2
1477	41.4
1478	40.2
1479	40.1
1480	40.7
1481	40.8
1482	39.7
1483	38.7
1484	38.2
1485	37.9
1486	37.2
1487	36.0
1488	34.9
1489	34.5
1490	35.0
1491	35.0
1492	34.6
1493	34.8
1494	34.9
1495	34.0
1496	33.1
1497	32.3
1498	31.2
1499	30.7
1500	31.1
1501	31.2
1502	29.9
1503	28.7
1504	28.7
1505	28.3
1506	28.4
1507	27.8
1508	26.9
1509	27.3
1510	27.1
1511	27.0
1512	26.9
1513	26.6
1514	25.3
1515	24.7
1516	25.7
1517	25.7
1518	24.7
1519	23.7
1520	23.2
1521	23.6
1522	23.6
1523	22.5
1524	21.9
1525	22.2
1526	23.2
1527	23.2
1528	22.0
1529	20.8
1530	20.9
1531	20.8
1532	20.2
1533	20.2
1534	19.8
1535	19.4
1536	19.2
1537	19.6
1538	19.3
1539	18.5
1540	18.2
1541	17.7
1542	18.3
1543	18.1
1544	17.2
1545	16.7
1546	17.0
1547	17.9
1548	17.4
1549	16.4
1550	16.5
1551	16.3
1552	15.9
1553	16.0
1554	16.9
1555	19.1
1556	17.8
1557	16.0
1558	15.3
1559	15.2
1560	15.3
1561	15.1
1562	14.6
1563	14.2
1564	14.4
1565	14.5
1566	14.2
1567	14.0
1568	13.8
1569	14.0
1570	13.6
1571	13.3
1572	12.8
1573	12.6
1574	12.9
1575	13.2
1576	12.7
1577	12.5
1578	13.4
1579	13.5
1580	13.2
1581	12.4
1582	12.3
1583	12.2
1584	11.8
1585	11.6
1586	12.7
1587	13.3
1588	12.2
1589	11.5
1590	11.6
1591	11.5
1592	11.4
1593	11.1
1594	10.4
1595	10.2
1596	10.3
1597	10.8
1598	10.7
1599	10.1
1600	10.0
1601	10.1
1602	9.6
1603	9.4
1604	9.7
1605	9.8
1606	9.5
1607	9.3
1608	9.4
1609	9.1
1610	8.7
1611	8.8
1612	8.9
1613	9.4
1614	10.5
1615	12.0
1616	10.3
1617	8.9
1618	8.6
1619	8.2
1620	8.2
1621	8.2
1622	8.7
1623	9.8
1624	9.9
1625	9.0
1626	8.1
1627	7.9
1628	7.9
1629	8.6
1630	9.3
1631	10.4
1632	38.6
1633	212.3
1634	584.1
1635	1224.3
1636	2023.2
1637	2627.7
1638	3312.0
1639	3878.1
1640	4437.0
1641	5073.7
1642	5569.9
1643	6226.7
1644	6701.9
1645	7226.3
1646	7729.9
1647	8081.8
1648	8611.4
1649	8953.6
1650	9407.3
1651	9868.0
1652	10184.3
1653	10689.8
1654	10992.6
1655	11366.2
1656	11779.0
1657	12007.0
1658	12448.5
1659	12745.8
1660	13042.7
1661	13476.2
1662	13681.7
1663	14048.2
1664	14376.7
1665	14561.1
1666	14967.2
1667	15202.0
1668	15450.8
1669	15843.8
1670	16000.9
1671	16296.0
1672	16616.8
1673	16747.3
1674	17088.5
1675	17339.9
1676	17484.6
1677	17844.4
1678	18031.1
1679	18198.2
1680	18549.7
1681	18690.0
1682	18892.6
1683	19225.9
1684	19336.9
1685	19571.0
1686	19876.4
1687	19971.0
1688	20225.8
1689	20499.8
1690	20588.4
1691	20863.3
1692	21112.9
1693	21199.7
1694	21475.6
1695	21692.5
1696	21771.5
1697	22049.3
1698	22253.5
1699	22328.4
1700	22597.4
1701	22789.3
1702	22855.8
1703	23117.7
1704	23311.5
1705	23373.6
1706	23625.1
1707	23823.3
1708	23879.8
1709	24116.8
1710	24320.2
1711	24367.9
1712	24587.2
1713	24804.6
1714	24848.9
1715	25044.0
1716	25272.8
1717	25319.4
1718	25493.6
1719	25735.1
1720	25783.8
1721	25923.8
1722	26170.5
1723	26224.3
1724	26324.8
1725	26571.4
1726	26642.1
1727	26702.8
1728	26939.9
1729	27046.9
1730	27078.9
1731	27290.6
1732	27440.8
1733	27456.8
1734	27634.2
1735	27820.7
1736	27830.4
1737	27960.8
1738	28175.4
1739	28197.2
1740	28272.7
1741	28497.6
1742	28559.5
1743	28593.2
1744	28802.0
1745	28909.3
1746	28906.4
1747	29072.4
1748	29235.1
1749	29225.0
1750	29334.1
1751	29534.0
1752	29543.2
1753	29589.5
1754	29796.2
1755	29861.1
1756	29855.5
1757	30025.1
1758	30157.9
1759	30133.8
1760	30247.5
1761	30430.8
1762	30417.6
1763	30452.2
1764	30645.2
1765	30699.6
1766	30684.5
1767	30842.2
1768	30978.9
1769	30956.3
1770	31061.5
1771	31253.5
1772	31262.5
1773	31314.0
1774	31513.6
1775	31562.4
1776	31539.1
1777	31687.9
1778	31813.1
1779	31768.9
1780	31846.0
1781	32024.5
1782	32016.1
1783	32023.0
1784	32197.6
1785	32264.9
1786	32211.3
1787	32315.5
1788	32464.3
1789	32421.2
1790	32446.5
1791	32626.1
1792	32659.1
1793	32630.3
1794	32786.5
1795	32923.4
1796	32887.6
1797	32958.6
1798	33124.6
1799	33102.7
1800	33084.8
1801	33238.3
1802	33315.0
1803	33249.2
1804	33322.8
1805	33478.0
1806	33441.1
1807	33428.9
1808	33583.3
1809	33638.0
1810	33565.8
1811	33647.0
1812	33792.1
1813	33741.2
1814	33729.0
1815	33883.1
1816	33934.8
1817	33865.4
1818	33946.5
1819	34086.6
1820	34032.5
1821	34020.5
1822	34177.7
1823	34230.5
1824	34159.6
1825	34237.9
1826	34375.9
1827	34325.7
1828	34331.4
1829	34502.3
1830	34556.5
1831	34498.1
1832	34586.7
1833	34713.1
1834	34647.0
1835	34638.5
1836	34787.1
1837	34821.2
1838	34753.1
1839	34841.9
1840	34972.5
1841	34906.7
1842	34901.2
1843	35058.2
1844	35098.1
1845	35026.3
1846	35101.7
1847	35228.4
1848	35157.4
1849	35125.6
1850	35255.1
1851	35295.4
1852	35204.6
1853	35254.9
1854	35388.7
1855	35331.3
1856	35275.9
1857	35394.1
1858	35469.2
1859	35379.8
1860	35404.8
1861	35548.6
1862	35525.0
1863	35460.5
1864	35562.7
1865	35655.9
1866	35563.2
1867	35559.3
1868	35698.1
1869	35699.8
1870	35609.2
1871	35671.3
1872	35785.3
1873	35707.1
1874	35662.0
1875	35779.6
1876	35828.1
1877	35725.1
1878	35750.8
1879	35887.1
1880	35846.9
1881	35773.3
1882	35870.1
1883	35960.9
1884	35870.7
1885	35871.0
1886	36014.0
1887	36018.5
1888	35936.8
1889	36016.8
1890	36138.4
1891	36071.4
1892	36049.5
1893	36178.5
1894	36208.1
1895	36109.6
1896	36147.6
1897	36274.7
1898	36219.5
1899	36152.4
1900	36250.9
1901	36326.8
1902	36228.1
1903	36227.6
1904	36364.3
1905	36352.2
1906	36260.2
1907	36330.5
1908	36442.1
1909	36355.2
1910	36309.4
1911	36424.3
1912	36466.1
1913	36360.6
1914	36383.8
1915	36516.1
1916	36474.5
1917	36401.0
1918	36497.3
1919	36586.7
1920	36478.3
1921	36447.2
1922	36569.6
1923	36579.9
1924	36471.2
1925	36511.0
1926	36636.6
1927	36567.1
1928	36489.1
1929	36583.9
1930	36661.3
1931	36560.4
1932	36568.8
1933	36714.3
1934	36717.8
1935	36648.0
1936	36736.8
1937	36849.9
1938	36776.0
1939	36759.2
1940	36887.4
1941	36911.7
1942	36831.5
1943	36899.3
1944	37028.9
1945	36968.8
1946	36927.7
1947	37046.7
1948	37099.0
1949	36998.8
1950	37017.1
1951	37141.4
1952	37103.6
1953	37025.1
1954	37106.1
1955	37199.1
1956	37105.9
1957	37078.2
1958	37199.4
1959	37216.9
1960	37118.9
1961	37166.4
1962	37291.9
1963	37233.0
1964	37169.4
1965	37265.0
1966	37328.5
1967	37224.6
1968	37230.6
1969	37371.2
1970	37363.3
1971	37284.7
1972	37369.9
1973	37482.6
1974	37406.6
1975	37396.8
1976	37539.5
1977	37557.3
1978	37463.0
1979	37519.3
1980	37636.4
1981	37556.9
1982	37498.1
1983	37599.7
1984	37645.1
1985	37522.8
1986	37511.9
1987	37633.7
1988	37606.5
1989	37501.7
1990	37552.4
1991	37652.5
1992	37554.8
1993	37486.0
1994	37583.9
1995	37632.7
1996	37511.4
1997	37499.0
1998	37623.2
1999	37605.0
2000	37501.7
2001	37554.9
2002	37663.3
2003	37573.4
2004	37515.4
2005	37624.9
2006	37674.4
2007	37557.1
2008	37558.5
2009	37686.9
2010	37655.6
2011	37562.5
2012	37642.1
2013	37760.1
2014	37683.4
2015	37646.9
2016	37765.7
2017	37787.7
2018	37673.0
2019	37690.5
2020	37811.8
2021	37760.8
2022	37675.0
2023	37752.5
2024	37836.4
2025	37732.1
2026	37710.5
2027	37844.9
2028	37860.0
2029	37758.0
2030	37804.7
2031	37921.1
2032	37759.1
2033	37227.8
2034	36522.1
2035	35863.1
2036	35259.8
2037	34679.5
2038	34089.2
2039	33476.0
2040	32848.8
2041	32229.6
2042	31640.3
2043	31085.5
2044	30553.2
2045	30024.6
2046	29483.8
2047	28930.0
2048	28375.5
2049	27833.0
2050	27309.9
2051	26806.1
2052	26311.8
2053	25814.9
2054	25310.5
2055	24802.0
2056	24296.8
2057	23802.2
2058	23319.5
2059	22846.2
2060	22377.2
2061	21906.1
2062	21429.6
2063	20949.9
2064	20472.4
2065	20000.7
2066	19534.0
2067	19071.6
2068	18610.5
2069	18147.4
2070	17682.9
2071	17219.2
2072	16757.9
2073	16299.1
2074	15844.6
2075	15395.2
2076	14947.9
2077	14503.5
2078	14060.2
2079	13616.5
2080	13178.6
2081	12747.9
2082	12323.6
2083	11904.0
2084	11489.7
2085	11080.7
2086	10677.6
2087	10281.2
2088	9891.0
2089	9508.3
2090	9134.3
2091	8769.9
2092	8413.6
2093	8064.8
2094	7722.7
2095	7387.0
2096	7059.7
2097	6741.5
2098	6432.3
2099	6132.3
2100	5841.6
2101	5559.3
2102	5284.7
2103	5017.2
2104	4759.4
2105	4511.5
2106	4272.9
2107	4044.2
2108	3824.8
2109	3614.4
2110	3412.3
2111	3219.6
2112	3036.2
2113	2861.5
2114	2695.9
2115	2538.4
2116	2388.6
2117	2247.4
2118	2113.1
2119	1986.0
2120	1867.0
2121	1755.5
2122	1650.8
2123	1553.5
2124	1462.1
2125	1375.9
2126	1295.1
2127	1220.0
2128	1149.8
2129	1086.3
2130	1027.9
2131	970.6
2132	918.7
2133	870.6
2134	826.3
2135	784.7
2136	745.5
2137	709.2
2138	676.1
2139	645.7
2140	616.9
2141	589.8
2142	565.3
2143	542.3
2144	520.4
2145	499.6
2146	480.3
2147	462.3
2148	445.8
2149	430.1
2150	415.5
2151	402.3
2152	390.6
2153	377.5
2154	366.5
2155	354.0
2156	344.0
2157	333.4
2158	325.0
2159	315.9
2160	307.2
2161	297.8
2162	289.6
2163	282.3
2164	275.7
2165	268.9
2166	262.4
2167	255.4
2168	249.4
2169	243.5
2170	238.4
2171	232.6
2172	227.7
2173	222.9
2174	218.1
2175	212.6
2176	207.7
2177	203.2
2178	198.6
2179	194.6
2180	190.5
2181	186.7
2182	183.3
2183	179.1
2184	174.9
2185	172.0
2186	168.9
2187	165.5
2188	161.9
2189	159.6
2190	156.6
2191	153.0
2192	149.5
2193	147.3
2194	144.8
2195	142.2
2196	138.7
2197	135.5
2198	133.1
2199	131.5
2200	129.5
2201	127.3
2202	124.6
2203	121.9
2204	119.4
2205	117.5
2206	116.3
2207	114.7
2208	112.7
2209	111.8
2210	110.3
2211	108.1
2212	104.0
2213	99.8
2214	97.9
2215	98.3
2216	99.4
2217	98.5
2218	95.5
2219	92.1
2220	90.2
2221	89.8
2222	89.7
2223	87.6
2224	85.7
2225	84.5
2226	83.8
2227	82.7
2228	80.5
2229	77.8
2230	76.6
2231	76.3
2232	75.6
2233	74.8
2234	73.4
2235	72.1
2236	70.8
2237	69.0
2238	67.9
2239	67.0
2240	66.3
2241	65.8
2242	64.8
2243	63.6
2244	63.1
2245	62.4
2246	60.3
2247	59.1
2248	58.8
2249	58.8
2250	60.0
2251	57.8
2252	55.7
2253	55.5
2254	54.4
2255	53.2
2256	52.6
2257	53.0
2258	52.7
2259	51.7
2260	50.8
2261	49.4
2262	48.6
2263	48.4
2264	48.2
2265	47.1
2266	46.5
2267	46.1
2268	45.4
2269	44.3
2270	43.0
2271	41.7
2272	41.0
2273	40.7
2274	40.3
2275	39.5
2276	39.1
2277	39.6
2278	40.1
2279	39.8
2280	38.9
2281	37.9
2282	36.9
2283	36.3
2284	36.2
2285	35.8
2286	37.0
2287	38.3
2288	35.7
2289	33.8
2290	32.4
2291	31.9
2292	32.1
2293	32.5
2294	33.1
2295	32.8
2296	31.9
2297	31.7
2298	31.3
2299	30.7
2300	29.7
2301	28.9
2302	29.2
2303	29.8
2304	29.2
2305	28.7
2306	28.1
2307	28.3
2308	27.9
2309	28.5
2310	29.4
2311	29.1
2312	27.3
2313	26.2
2314	26.2
2315	25.8
2316	25.4
2317	25.2
2318	24.9
2319	25.0
2320	25.0
2321	24.2
2322	23.4
2323	23.5
2324	23.9
2325	24.1
2326	23.6
2327	23.0
2328	22.8
2329	23.6
2330	23.3
2331	22.7
2332	22.5
2333	22.1
2334	22.3
2335	22.0
2336	22.0
2337	22.2
2338	21.7
2339	20.4
2340	19.9
2341	20.0
2342	21.0
2343	21.2
2344	20.7
2345	20.3
2346	20.0
2347	19.5
2348	19.1
2349	19.5
2350	19.2
2351	18.8
2352	19.0
2353	19.5
2354	19.3
2355	18.5
2356	17.9
2357	17.7
2358	18.0
2359	18.2
2360	18.1
2361	18.3
2362	18.7
2363	18.6
2364	18.4
2365	18.7
2366	17.4
2367	16.4
2368	16.6
2369	16.2
2370	16.0
2371	15.8
2372	15.6
2373	15.6
2374	15.5
2375	15.3
2376	15.3
2377	15.3
2378	15.4
2379	14.9
2380	14.9
2381	14.7
2382	14.3
2383	14.2
2384	14.3
2385	14.8
2386	14.7
2387	14.9
2388	15.8
2389	15.6
2390	14.8
2391	13.8
2392	13.4
2393	13.2
2394	13.9
2395	14.0
2396	13.6
2397	13.2
2398	13.5
2399	13.3
2400	13.1
2401	12.6
2402	12.9
2403	13.3
2404	13.0
2405	12.6
2406	12.8
2407	12.5
2408	12.9
2409	12.9
2410	12.1
2411	12.1
2412	13.4
2413	13.9
2414	13.5
2415	13.3
2416	12.8
2417	12.4
2418	11.8
2419	12.0
2420	12.1
2421	11.8
2422	11.1
2423	11.0
2424	11.9
2425	12.1
2426	11.3
2427	10.7
2428	10.8
2429	11.5
2430	11.1
2431	10.8
2432	6.3
2433	137.4
2434	726.5
2435	1451.4
2436	2129.8
2437	2896.0
2438	3466.2
2439	4125.4
2440	4697.9
2441	5285.2
2442	5949.7
2443	6463.2
2444	7107.4
2445	7556.0
2446	8055.7
2447	8541.5
2448	8905.2
2449	9447.1
2450	9804.2
2451	10274.1
2452	10734.7
2453	11055.9
2454	11549.7
2455	11838.8
2456	12200.6
2457	12616.0
2458	12868.3
2459	13324.5
2460	13640.7
2461	13938.1
2462	14365.3
2463	14571.4
2464	14923.9
2465	15268.3
2466	15464.4
2467	15871.5
2468	16131.4
2469	16364.6
2470	16762.3
2471	16949.4
2472	17235.3
2473	17584.2
2474	17739.9
2475	18075.8
2476	18367.0
2477	18531.1
2478	18888.9
2479	19102.9
2480	19269.5
2481	19620.9
2482	19793.3
2483	19994.1
2484	20332.5
2485	20461.5
2486	20673.7
2487	20987.3
2488	21094.0
2489	21318.9
2490	21614.8
2491	21721.6
2492	21974.1
2493	22257.3
2494	22351.5
2495	22594.2
2496	22853.4
2497	22938.0
2498	23179.0
2499	23431.3
2500	23506.9
2501	23735.0
2502	23979.0
2503	24049.1
2504	24270.0
2505	24524.1
2506	24601.4
2507	24807.9
2508	25058.0
2509	25128.3
2510	25310.4
2511	25557.4
2512	25618.2
2513	25774.0
2514	26031.5
2515	26100.8
2516	26217.5
2517	26469.2
2518	26552.4
2519	26640.0
2520	26889.4
2521	27002.3
2522	27066.7
2523	27306.8
2524	27455.4
2525	27502.8
2526	27713.9
2527	27880.2
2528	27900.7
2529	28073.7
2530	28279.7
2531	28302.5
2532	28423.8
2533	28643.9
2534	28680.7
2535	28748.1
2536	28968.2
2537	29048.1
2538	29084.1
2539	29298.7
2540	29439.4
2541	29450.4
2542	29615.0
2543	29788.1
2544	29783.7
2545	29889.6
2546	30097.2
2547	30120.5
2548	30166.5
2549	30369.0
2550	30447.1
2551	30448.7
2552	30623.5
2553	30771.0
2554	30762.2
2555	30880.5
2556	31067.5
2557	31070.1
2558	31116.9
2559	31309.4
2560	31367.7
2561	31359.1
2562	31514.1
2563	31644.1
2564	31610.9
2565	31697.7
2566	31878.2
2567	31880.4
2568	31901.7
2569	32080.1
2570	32150.9
2571	32115.1
2572	32233.6
2573	32378.8
2574	32341.3
2575	32381.6
2576	32555.7
2577	32584.4
2578	32560.9
2579	32700.2
2580	32816.2
2581	32765.8
2582	32830.9
2583	33002.9
2584	33001.8
2585	32989.9
2586	33136.0
2587	33221.6
2588	33164.8
2589	33239.9
2590	33396.8
2591	33376.0
2592	33392.4
2593	33577.9
2594	33656.9
2595	33614.2
2596	33715.8
2597	33851.8
2598	33802.4
2599	33818.6
2600	33980.5
2601	34013.6
2602	33965.3
2603	34084.0
2604	34215.0
2605	34157.7
2606	34179.6
2607	34337.6
2608	34350.1
2609	34294.9
2610	34400.2
2611	34513.9
2612	34445.1
2613	34457.8
2614	34607.8
2615	34620.7
2616	34553.1
2617	34643.6
2618	34761.2
2619	34692.1
2620	34688.0
2621	34832.1
2622	34857.9
2623	34781.6
2624	34857.8
2625	34987.4
2626	34936.1
2627	34947.0
2628	35118.2
2629	35175.2
2630	35123.0
2631	35218.3
2632	35345.9
2633	35282.9
2634	35276.2
2635	35420.1
2636	35451.7
2637	35374.8
2638	35448.9
2639	35580.2
2640	35525.3
2641	35504.6
2642	35634.1
2643	35675.6
2644	35590.7
2645	35648.8
2646	35784.7
2647	35731.6
2648	35684.7
2649	35804.2
2650	35872.6
2651	35778.2
2652	35798.8
2653	35932.9
2654	35905.6
2655	35836.8
2656	35933.7
2657	36030.3
2658	35940.5
2659	35930.8
2660	36063.5
2661	36071.8
2662	35979.4
2663	36035.4
2664	36153.9
2665	36082.7
2666	36026.6
2667	36136.0
2668	36195.7
2669	36098.3
2670	36119.4
2671	36254.8
2672	36224.1
2673	36141.6
2674	36223.7
2675	36324.8
2676	36237.5
2677	36215.4
2678	36339.9
2679	36360.6
2680	36263.9
2681	36312.5
2682	36441.9
2683	36384.2
2684	36329.6
2685	36441.8
2686	36512.6
2687	36413.5
2688	36418.5
2689	36547.0
2690	36523.6
2691	36433.8
2692	36498.9
2693	36597.6
2694	36505.5
2695	36463.7
2696	36580.6
2697	36627.3
2698	36530.4
2699	36552.5
2700	36677.7
2701	36634.1
2702	36555.6
2703	36636.0
2704	36721.4
2705	36619.1
2706	36589.6
2707	36709.2
2708	36727.9
2709	36624.0
2710	36659.0
2711	36779.8
2712	36724.0
2713	36668.9
2714	36777.7
2715	36852.1
2716	36752.5
2717	36757.6
2718	36889.9
2719	36881.1
2720	36794.4
2721	36859.1
2722	36966.0
2723	36881.6
2724	36831.8
2725	36938.2
2726	36982.4
2727	36874.1
2728	36885.4
2729	37011.4
2730	36977.4
2731	36891.0
2732	36967.3
2733	37066.7
2734	36978.9
2735	36957.7
2736	37086.4
2737	37113.9
2738	37009.6
2739	37036.0
2740	37151.3
2741	37089.8
2742	37005.3
2743	37080.4
2744	37157.7
2745	37048.0
2746	37010.4
2747	37122.9
2748	37140.0
2749	37036.7
2750	37081.9
2751	37214.7
2752	37167.7
2753	37103.2
2754	37192.1
2755	37261.9
2756	37159.6
2757	37144.4
2758	37261.1
2759	37255.3
2760	37160.7
2761	37233.0
2762	37370.0
2763	37320.2
2764	37286.8
2765	37404.2
2766	37446.3
2767	37342.3
2768	37361.7
2769	37486.1
2770	37444.6
2771	37358.2
2772	37430.6
2773	37520.0
2774	37422.3
2775	37384.4
2776	37493.4
2777	37509.5
2778	37390.6
2779	37404.9
2780	37526.1
2781	37476.3
2782	37387.3
2783	37455.3
2784	37542.8
2785	37442.6
2786	37399.4
2787	37505.5
2788	37526.2
2789	37408.3
2790	37417.8
2791	37534.0
2792	37483.7
2793	37386.7
2794	37448.9
2795	37542.2
2796	37447.0
2797	37394.9
2798	37497.3
2799	37528.8
2800	37414.1
2801	37431.3
2802	37565.4
2803	37543.9
2804	37467.5
2805	37544.7
2806	37636.9
2807	37540.0
2808	37502.0
2809	37614.1
2810	37636.6
2811	37527.6
2812	37548.7
2813	37669.1
2814	37620.1
2815	37539.7
2816	37613.5
2817	37694.8
2818	37591.4
2819	37553.6
2820	37663.7
2821	37683.3
2822	37577.6
2823	37601.1
2824	37716.3
2825	37660.2
2826	37574.0
2827	37641.0
2828	37723.6
2829	37621.4
2830	37579.7
2831	37682.3
2832	37584.7
2833	36970.1
2834	36220.1
2835	35530.4
2836	34897.3
2837	34287.7
2838	33668.1
2839	33022.7
2840	32361.0
2841	31707.0
2842	31082.5
2843	30491.8
2844	29923.0
2845	29356.3
2846	28777.3
2847	28185.5
2848	27590.8
2849	27008.4
2850	26445.9
2851	25902.1
2852	25367.9
2853	24832.2
2854	24291.1
2855	23747.2
2856	23207.3
2857	22677.9
2858	22162.7
2859	21659.7
2860	21164.5
2861	20671.7
2862	20177.6
2863	19683.2
2864	19195.8
2865	18717.5
2866	18249.2
2867	17789.8
2868	17336.6
2869	16889.5
2870	16445.0
2871	16003.7
2872	15567.6
2873	15139.3
2874	14719.9
2875	14307.6
2876	13903.8
2877	13505.8
2878	13112.9
2879	12726.5
2880	12345.7
2881	11971.6
2882	11605.0
2883	11246.5
2884	10896.0
2885	10552.9
2886	10213.7
2887	9879.0
2888	9549.9
2889	9225.5
2890	8891.2
2891	8528.2
2892	8145.1
2893	7765.1
2894	7397.6
2895	7042.7
2896	6700.4
2897	6367.6
2898	6041.7
2899	5724.3
2900	5417.6
2901	5123.7
2902	4843.7
2903	4577.0
2904	4322.3
2905	4078.1
2906	3843.9
2907	3618.6
2908	3402.9
2909	3199.5
2910	3006.7
2911	2825.1
2912	2654.8
2913	2493.1
2914	2339.9
2915	2194.6
2916	2056.9
2917	1927.0
2918	1805.3
2919	1692.3
2920	1587.5
2921	1490.7
2922	1400.3
2923	1315.9
2924	1236.5
2925	1162.2
2926	1093.4
2927	1030.1
2928	972.1
2929	919.1
2930	869.6
2931	823.9
2932	781.0
2933	740.8
2934	703.6
2935	670.0
2936	639.5
2937	611.1
2938	584.5
2939	558.2
2940	534.3
2941	513.1
2942	493.1
2943	475.4
2944	457.6
2945	439.9
2946	423.8
2947	409.6
2948	396.3
2949	383.0
2950	370.6
2951	358.9
2952	347.7
2953	337.4
2954	327.8
2955	319.1
2956	310.4
2957	301.8
2958	293.4
2959	285.6
2960	278.4
2961	271.5
2962	265.1
2963	258.4
2964	252.0
2965	245.5
2966	239.7
2967	234.9
2968	229.5
2969	224.0
2970	218.5
2971	215.5
2972	213.0
2973	207.7
2974	202.8
2975	198.4
2976	194.9
2977	191.3
2978	187.4
2979	182.6
2980	178.5
2981	174.5
2982	169.6
2983	165.9
2984	162.6
2985	159.4
2986	156.3
2987	153.2
2988	151.5
2989	149.3
2990	146.6
2991	143.6
2992	140.6
2993	138.1
2994	135.0
2995	131.4
2996	129.2
2997	126.7
2998	124.3
2999	121.2
3000	119.5
3001	117.5
3002	115.2
3003	113.2
3004	111.8
3005	110.4
3006	108.0
3007	105.4
3008	103.4
3009	101.6
3010	99.6
3011	97.9
3012	96.3
3013	94.7
3014	92.9
3015	91.2
3016	89.6
3017	88.1
3018	86.7
3019	85.3
3020	83.7
3021	82.4
3022	81.2
3023	79.6
3024	78.3
3025	77.2
3026	75.8
3027	74.3
3028	73.6
3029	72.2
3030	70.8
3031	69.7
3032	68.4
3033	68.8
3034	69.7
3035	66.7
3036	64.4
3037	62.9
3038	61.6
3039	60.4
3040	59.7
3041	60.3
3042	60.1
3043	59.1
3044	58.4
3045	57.3
3046	55.0
3047	53.9
3048	53.3
3049	52.9
3050	52.2
3051	50.8
3052	49.6
3053	48.8
3054	48.6
3055	47.8
3056	46.6
3057	46.1
3058	45.6
3059	45.4
3060	44.6
3061	43.6
3062	43.0
3063	42.7
3064	42.6
3065	42.7
3066	42.1
3067	40.6
3068	39.5
3069	39.2
3070	38.3
3071	37.7
3072	37.2
3073	36.8
3074	36.3
3075	35.8
3076	35.3
3077	34.7
3078	34.1
3079	33.7
3080	33.3
3081	33.0
3082	32.9
3083	32.2
3084	31.5
3085	30.9
3086	30.0
3087	29.8
3088	29.2
3089	29.1
3090	28.9
3091	28.5
3092	28.6
3093	28.6
3094	28.7
3095	29.2
3096	28.6
3097	27.6
3098	27.1
3099	26.4
3100	25.3
3101	25.2
3102	25.0
3103	24.6
3104	24.6
3105	24.5
3106	24.0
3107	23.3
3108	23.0
3109	22.9
3110	23.0
3111	22.5
3112	22.1
3113	22.3
3114	22.3
3115	21.2
3116	21.2
3117	21.2
3118	21.2
3119	21.2
3120	20.4
3121	19.8
3122	19.7
3123	20.2
3124	22.5
3125	21.8
3126	20.5
3127	20.3
3128	19.5
3129	18.5
3130	18.3
3131	18.0
3132	17.8
3133	17.2
3134	17.1
3135	17.4
3136	17.0
3137	16.3
3138	16.1
3139	16.0
3140	16.1
3141	16.3
3142	16.2
3143	15.8
3144	15.3
3145	15.5
3146	15.8
3147	15.9
3148	16.7
3149	16.4
3150	15.5
3151	14.4
3152	13.8
3153	14.3
3154	14.8
3155	14.0
3156	13.7
3157	14.6
3158	15.1
3159	15.1
3160	14.7
3161	13.4
3162	12.8
3163	13.1
3164	12.5
3165	11.9
3166	12.0
3167	11.9
3168	11.5
3169	11.5
3170	11.4
3171	11.5
3172	11.1
3173	11.1
3174	11.0
3175	10.6
3176	10.4
3177	10.5
3178	10.3
3179	10.5
3180	11.2
3181	11.5
3182	10.8
3183	9.7
3184	9.7
3185	10.5
3186	10.5
3187	10.5
3188	11.7
3189	12.2
3190	10.6
3191	9.7
3192	9.8
3193	10.3
3194	10.2
3195	10.4
3196	10.0
3197	9.2
3198	10.0
3199	10.7
3200	10.3
3201	8.8
3202	8.3
3203	8.9
3204	8.8
3205	8.1
3206	7.7
3207	7.4
3208	7.8
3209	7.8
3210	8.1
3211	8.0
3212	7.5
3213	7.0
3214	6.8
3215	6.7
3216	6.9
3217	7.0
3218	7.3
3219	7.7
3220	8.1
3221	7.1
3222	6.3
3223	6.7
3224	6.9
3225	6.1
3226	6.1
3227	6.3
3228	6.4
3229	6.7
3230	6.1
3231	6.1
3232	1.1
3233	63.6
3234	571.8
3235	1345.0
3236	2010.1
3237	2762.2
3238	3340.3
3239	3943.6
3240	4550.7
3241	5079.5
3242	5756.5
3243	6249.3
3244	6853.5
3245	7348.6
3246	7776.3
3247	8302.9
3248	8634.9
3249	9144.7
3250	9552.7
3251	9943.2
3252	10453.3
3253	10747.8
3254	11197.0
3255	11544.3
3256	11817.0
3257	12261.9
3258	12502.9
3259	12875.4
3260	13264.5
3261	13485.2
3262	13905.3
3263	14169.1
3264	14415.4
3265	14813.7
3266	15000.4
3267	15327.2
3268	15676.9
3269	15846.3
3270	16213.4
3271	16471.9
3272	16655.2
3273	17029.4
3274	17212.3
3275	17438.1
3276	17794.8
3277	17939.0
3278	18207.1
3279	18516.5
3280	18633.5
3281	18928.6
3282	19188.0
3283	19299.3
3284	19612.7
3285	19832.6
3286	19953.8
3287	20271.7
3288	20452.7
3289	20580.2
3290	20897.7
3291	21052.3
3292	21189.1
3293	21498.2
3294	21633.4
3295	21774.2
3296	22078.7
3297	22206.2
3298	22354.6
3299	22652.5
3300	22768.2
3301	22909.8
3302	23196.5
3303	23305.7
3304	23438.3
3305	23720.0
3306	23829.7
3307	23953.1
3308	24228.7
3309	24341.8
3310	24447.5
3311	24710.6
3312	24828.6
3313	24916.1
3314	25172.0
3315	25306.5
3316	25376.5
3317	25617.7
3318	25772.8
3319	25829.5
3320	26048.8
3321	26217.3
3322	26253.0
3323	26443.9
3324	26643.4
3325	26680.6
3326	26837.6
3327	27052.2
3328	27087.4
3329	27201.1
3330	27430.2
3331	27495.3
3332	27581.3
3333	27809.1
3334	27888.8
3335	27923.3
3336	28126.7
3337	28258.3
3338	28282.5
3339	28455.0
3340	28618.2
3341	28617.7
3342	28732.9
3343	28934.1
3344	28960.8
3345	29032.2
3346	29245.2
3347	29312.1
3348	29341.1
3349	29533.4
3350	29652.1
3351	29652.4
3352	29797.7
3353	29963.2
3354	29961.4
3355	30052.5
3356	30245.7
3357	30271.4
3358	30307.1
3359	30503.8
3360	30592.9
3361	30586.8
3362	30728.3
3363	30865.0
3364	30840.5
3365	30924.3
3366	31108.9
3367	31122.6
3368	31143.9
3369	31322.7
3370	31400.7
3371	31375.1
3372	31508.2
3373	31663.7
3374	31643.5
3375	31703.0
3376	31877.7
3377	31895.5
3378	31893.3
3379	32052.6
3380	32150.9
3381	32120.7
3382	32230.4
3383	32401.0
3384	32390.8
3385	32425.5
3386	32597.0
3387	32636.3
3388	32611.1
3389	32740.8
3390	32861.4
3391	32825.6
3392	32890.4
3393	33056.0
3394	33061.7
3395	33066.7
3396	33232.9
3397	33321.9
3398	33297.5
3399	33421.3
3400	33581.0
3401	33561.7
3402	33603.0
3403	33767.2
3404	33785.8
3405	33746.4
3406	33861.3
3407	33965.9
3408	33913.6
3409	33958.9
3410	34110.3
3411	34102.8
3412	34066.3
3413	34188.4
3414	34279.1
3415	34212.5
3416	34251.8
3417	34397.0
3418	34375.9
3419	34331.5
3420	34447.3
3421	34531.7
3422	34456.5
3423	34487.2
3424	34633.6
3425	34625.6
3426	34592.5
3427	34723.3
3428	34818.7
3429	34749.4
3430	34784.8
3431	34929.6
3432	34915.5
3433	34891.4
3434	35035.6
3435	35126.2
3436	35059.7
3437	35108.5
3438	35249.0
3439	35215.0
3440	35167.7
3441	35281.4
3442	35358.4
3443	35278.0
3444	35308.5
3445	35451.1
3446	35439.1
3447	35407.2
3448	35544.1
3449	35648.3
3450	35590.6
3451	35629.0
3452	35764.2
3453	35747.3
3454	35731.1
3455	35875.1
3456	35955.8
3457	35886.2
3458	35937.1
3459	36079.3
3460	36045.6
3461	36011.7
3462	36137.7
3463	36205.7
3464	36123.8
3465	36158.7
3466	36290.6
3467	36262.0
3468	36225.6
3469	36341.5
3470	36412.6
3471	36330.1
3472	36361.5
3473	36500.4
3474	36480.1
3475	36432.9
3476	36542.0
3477	36625.5
3478	36539.2
3479	36544.9
3480	36673.9
3481	36665.1
3482	36594.5
3483	36674.6
3484	36770.0
3485	36683.8
3486	36664.8
3487	36788.0
3488	36799.6
3489	36705.0
3490	36754.6
3491	36874.7
3492	36811.9
3493	36767.8
3494	36880.5
3495	36936.0
3496	36842.1
3497	36856.8
3498	36978.4
3499	36939.6
3500	36863.1
3501	36943.8
3502	37027.2
3503	36933.5
3504	36923.1
3505	37051.9
3506	37058.1
3507	36971.3
3508	37035.5
3509	37153.9
3510	37087.2
3511	37062.0
3512	37191.5
3513	37240.0
3514	37167.1
3515	37229.8
3516	37361.2
3517	37317.5
3518	37305.4
3519	37454.9
3520	37528.0
3521	37483.3
3522	37570.5
3523	37700.2
3524	37652.4
3525	37658.8
3526	37808.3
3527	37834.4
3528	37765.0
3529	37844.1
3530	37954.5
3531	37880.0
3532	37859.9
3533	37988.4
3534	38004.9
3535	37905.3
3536	37945.8
3537	38058.0
3538	37985.9
3539	37922.1
3540	38018.6
3541	38070.7
3542	37964.4
3543	37971.7
3544	38093.8
3545	38064.3
3546	37983.6
3547	38057.3
3548	38147.0
3549	38054.4
3550	38019.9
3551	38133.6
3552	38153.1
3553	38063.9
3554	38114.5
3555	38226.6
3556	38151.6
3557	38085.3
3558	38176.2
3559	38227.7
3560	38115.1
3561	38100.6
3562	38213.2
3563	38190.6
3564	38091.9
3565	38137.9
3566	38231.5
3567	38144.8
3568	38100.4
3569	38205.8
3570	38241.0
3571	38134.8
3572	38148.1
3573	38262.7
3574	38216.8
3575	38131.3
3576	38204.9
3577	38288.9
3578	38189.7
3579	38161.2
3580	38274.8
3581	38280.6
3582	38172.1
3583	38196.8
3584	38302.8
3585	38229.3
3586	38144.4
3587	38217.8
3588	38282.2
3589	38175.0
3590	38155.9
3591	38271.0
3592	38273.4
3593	38178.4
3594	38225.4
3595	38334.4
3596	38254.6
3597	38186.2
3598	38269.9
3599	38319.2
3600	38205.9
3601	38182.0
3602	38283.6
3603	38263.0
3604	38166.2
3605	38217.6
3606	38318.3
3607	38232.3
3608	38162.7
3609	38247.0
3610	38292.8
3611	38182.4
3612	38179.5
3613	38293.9
3614	38263.1
3615	38152.2
3616	38193.8
3617	38296.1
3618	38216.3
3619	38155.5
3620	38243.7
3621	38288.8
3622	38179.7
3623	38176.1
3624	38297.1
3625	38284.8
3626	38202.2
3627	38263.5
3628	38355.7
3629	38269.1
3630	38235.5
3631	38349.4
3632	38258.8
3633	37641.6
3634	36882.0
3635	36186.4
3636	35550.7
3637	34937.4
3638	34311.8
3639	33659.4
3640	32991.8
3641	32333.8
3642	31706.0
3643	31111.8
3644	30539.3
3645	29969.6
3646	29387.6
3647	28791.1
3648	28190.7
3649	27603.8
3650	27039.7
3651	26495.3
3652	25959.4
3653	25421.1
3654	24876.0
3655	24327.3
3656	23783.1
3657	23249.9
3658	22732.7
3659	22227.4
3660	21728.7
3661	21231.3
3662	20732.8
3663	20236.1
3664	19744.6
3665	19260.5
3666	18787.6
3667	18324.5
3668	17868.8
3669	17417.0
3670	16967.4
3671	16520.9
3672	16079.8
3673	15646.0
3674	15221.2
3675	14804.4
3676	14393.9
3677	13988.6
3678	13589.6
3679	13196.1
3680	12809.6
3681	12429.0
3682	12055.3
3683	11689.8
3684	11332.7
3685	10981.3
3686	10636.0
3687	10295.9
3688	9960.9
3689	9631.6
3690	9308.4
3691	8982.1
3692	8630.1
3693	8251.2
3694	7869.2
3695	7498.2
3696	7141.0
3697	6798.5
3698	6466.3
3699	6138.0
3700	5819.0
3701	5511.8
3702	5216.6
3703	4932.9
3704	4661.6
3705	4403.7
3706	4157.2
3707	3921.2
3708	3694.3
3709	3477.0
3710	3269.4
3711	3072.8
3712	2887.8
3713	2714.8
3714	2551.0
3715	2395.9
3716	2248.7
3717	2108.0
3718	1975.4
3719	1851.3
3720	1736.2
3721	1629.8
3722	1530.3
3723	1438.0
3724	1351.6
3725	1269.3
3726	1192.6
3727	1121.4
3728	1055.8
3729	996.2
3730	940.9
3731	889.4
3732	842.5
3733	798.1
3734	756.2
3735	717.4
3736	682.2
3737	650.7
3738	620.7
3739	592.4
3740	566.1
3741	541.5
3742	518.9
3743	497.7
3744	478.6
3745	460.4
3746	443.0
3747	427.1
3748	412.0
3749	398.3
3750	385.4
3751	372.3
3752	360.0
3753	348.9
3754	338.9
3755	329.4
3756	320.8
3757	311.7
3758	302.1
3759	293.5
3760	284.9
3761	277.5
3762	271.0
3763	264.3
3764	257.0
3765	249.6
3766	243.8
3767	238.7
3768	234.1
3769	228.7
3770	222.2
3771	216.2
3772	211.8
3773	208.6
3774	204.3
3775	199.7
3776	194.8
3777	189.7
3778	186.3
3779	183.8
3780	179.6
3781	174.5
3782	170.0
3783	166.3
3784	163.7
3785	161.1
3786	157.8
3787	155.0
3788	152.8
3789	150.0
3790	146.3
3791	142.4
3792	138.1
3793	134.6
3794	132.3
3795	130.8
3796	129.4
3797	127.2
3798	124.9
3799	121.4
3800	118.6
3801	116.3
3802	114.0
3803	112.2
3804	109.6
3805	108.0
3806	106.7
3807	104.8
3808	102.1
3809	100.1
3810	98.1
3811	96.5
3812	94.8
3813	93.0
3814	91.6
3815	91.4
3816	91.9
3817	88.7
3818	85.4
3819	83.6
3820	82.1
3821	80.3
3822	79.1
3823	78.8
3824	77.9
3825	76.5
3826	74.8
3827	73.9
3828	72.2
3829	70.2
3830	68.4
3831	67.1
3832	66.4
3833	65.9
3834	65.6
3835	64.2
3836	62.1
3837	60.5
3838	60.0
3839	59.5
3840	58.5
3841	57.1
3842	55.8
3843	54.7
3844	54.0
3845	53.4
3846	52.4
3847	51.6
3848	51.0
3849	50.2
3850	48.7
3851	47.8
3852	46.8
3853	46.3
3854	47.4
3855	48.6
3856	46.6
3857	45.6
3858	44.5
3859	43.2
3860	41.8
3861	40.7
3862	39.6
3863	39.2
3864	39.7
3865	39.2
3866	38.7
3867	37.3
3868	35.6
3869	34.8
3870	34.7
3871	34.6
3872	34.3
3873	33.1
3874	32.7
3875	32.8
3876	33.1
3877	32.8
3878	32.4
3879	31.3
3880	29.7
3881	29.3
3882	29.2
3883	28.6
3884	28.5
3885	29.1
3886	28.4
3887	26.9
3888	26.4
3889	26.6
3890	26.3
3891	25.1
3892	24.2
3893	23.8
3894	23.9
3895	23.8
3896	23.8
3897	22.8
3898	21.8
3899	21.7
3900	21.8
3901	21.9
3902	21.4
3903	20.7
3904	20.0
3905	19.7
3906	19.7
3907	19.7
3908	19.6
3909	19.0
3910	18.6
3911	18.8
3912	17.9
3913	17.9
3914	20.1
3915	19.2
3916	18.6
3917	18.5
3918	17.3
3919	16.2
3920	16.2
3921	16.5
3922	15.5
3923	14.8
3924	14.9
3925	14.3
3926	14.4
3927	14.4
3928	14.1
3929	13.7
3930	14.2
3931	14.4
3932	14.1
3933	13.1
3934	12.3
3935	12.0
3936	12.5
3937	12.5
3938	11.9
3939	11.6
3940	11.3
3941	11.9
3942	11.4
3943	10.5
3944	10.2
3945	10.4
3946	10.6
3947	11.2
3948	11.5
3949	10.8
3950	9.7
3951	9.2
3952	9.5
3953	9.9
3954	9.5
3955	8.9
3956	