160.00	0.00	-2.58
161.00	0.00	-3.46
162.00	0.00	-3.77
163.00	0.00	-2.09
164.00	0.00	-0.37
165.00	0.00	-1.19
166.00	0.00	-2.04
167.00	0.00	-2.05
168.00	0.00	-2.84
169.00	0.00	-3.07
170.00	0.00	-2.46
171.00	0.00	-1.14
172.00	0.00	-0.40
173.00	0.00	-0.44
174.00	0.00	-1.26
175.00	0.00	-1.84
176.00	0.00	-3.54
177.00	0.00	-4.18
178.00	0.00	-3.77
179.00	0.00	-2.19
180.00	0.00	-1.02
181.00	0.00	-0.75
182.00	0.00	-1.00
183.00	0.00	-0.71
184.00	0.00	-1.15
185.00	0.00	-2.10
186.00	0.00	-2.24
187.00	0.00	-2.24
188.00	0.00	-2.06
189.00	0.00	-2.09
190.00	0.00	-2.39
191.00	0.00	-1.50
192.00	0.00	-0.04
193.00	0.00	-0.74
194.00	0.00	-2.76
195.00	0.00	-4.18
196.00	0.00	-3.93
197.00	0.00	-3.03
198.00	0.00	-1.40
199.00	0.00	0.83
200.00	0.00	-0.11
201.00	10000.00	1.30
202.00	10000.00	0.49
203.00	10000.00	-0.61
204.00	10000.00	-1.00
205.00	10000.00	-0.87
206.00	10000.00	-0.05
207.00	10000.00	1.67
208.00	10000.00	3.06
209.00	10000.00	3.55
210.00	10000.00	4.04
211.00	10000.00	3.90
212.00	10000.00	4.65
213.00	10000.00	6.25
214.00	10000.00	8.28
215.00	10000.00	10.63
216.00	10000.00	14.61
217.00	10000.00	34.88
218.00	10000.00	88.48
219.00	10000.00	136.93
220.00	10000.00	156.89
221.00	10000.00	186.20
222.00	10000.00	220.95
223.00	10000.00	310.16
224.00	10000.00	560.89
225.00	10000.00	807.46
226.00	10000.00	1016.48
227.00	10000.00	1190.15
228.00	10000.00	1514.35
229.00	10000.00	1851.05
230.00	10000.00	2066.10
231.00	10000.00	2340.13
232.00	10000.00	2759.89
233.00	10000.00	3033.15
234.00	10000.00	3235.04
235.00	10000.00	3622.34
236.00	10000.00	3936.39
237.00	10000.00	4096.94
238.00	10000.00	4427.50
239.00	10000.00	4785.64
240.00	10000.00	4939.90
241.00	10000.00	5202.13
242.00	10000.00	5578.60
243.00	10000.00	5732.42
244.00	10000.00	5889.10
245.00	10000.00	6249.91
246.00	10000.00	6445.30
247.00	10000.00	6522.14
248.00	10000.00	6829.81
249.00	10000.00	7087.82
250.00	10000.00	7121.74
251.00	10000.00	7308.31
252.00	10000.00	7610.25
253.00	10000.00	7665.44
254.00	10000.00	7686.32
255.00	10000.00	7962.63
256.00	10000.00	8136.85
257.00	10000.00	8084.73
258.00	10000.00	8191.74
259.00	10000.00	8461.65
260.00	10000.00	8506.37
261.00	10000.00	8428.42
262.00	10000.00	8603.58
263.00	10000.00	8813.16
264.00	10000.00	8757.41
265.00	10000.00	8672.89
266.00	10000.00	8876.45
267.00	10000.00	9046.19
268.00	10000.00	8956.25
269.00	10000.00	8898.58
270.00	10000.00	9111.61
271.00	10000.00	9229.06
272.00	10000.00	9098.06
273.00	10000.00	9050.75
274.00	10000.00	9279.86
275.00	10000.00	9392.78
276.00	10000.00	9262.69
277.00	10000.00	9231.21
278.00	10000.00	9446.83
279.00	10000.00	9520.89
280.00	10000.00	9359.85
281.00	10000.00	9311.11
282.00	10000.00	9527.24
283.00	10000.00	9613.72
284.00	10000.00	9461.34
285.00	10000.00	9401.78
286.00	10000.00	9613.40
287.00	10000.00	9705.37
288.00	10000.00	9551.77
289.00	10000.00	9478.81
290.00	10000.00	9690.90
291.00	10000.00	9803.00
292.00	10000.00	9666.16
293.00	10000.00	9596.96
294.00	10000.00	9802.53
295.00	10000.00	9908.90
296.00	10000.00	9764.38
297.00	10000.00	9673.34
298.00	10000.00	9864.55
299.00	10000.00	9976.99
300.00	10000.00	9834.58
301.00	10000.00	9714.26
302.00	10000.00	9890.74
303.00	10000.00	10034.37
304.00	10000.00	9916.88
305.00	10000.00	9786.32
306.00	10000.00	9950.23
307.00	10000.00	10105.46
308.00	10000.00	9997.75
309.00	10000.00	9845.17
310.00	10000.00	9980.78
311.00	10000.00	10147.59
312.00	10000.00	10056.13
313.00	10000.00	9871.09
314.00	10000.00	9959.96
315.00	10000.00	10151.93
316.00	10000.00	10099.68
317.00	10000.00	9896.54
318.00	10000.00	9928.53
319.00	10000.00	10136.78
320.00	10000.00	10133.41
321.00	10000.00	9932.91
322.00	10000.00	9906.21
323.00	10000.00	10114.01
324.00	10000.00	10159.24
325.00	10000.00	9979.23
326.00	10000.00	9901.88
327.00	10000.00	10093.91
328.00	10000.00	10183.25
329.00	10000.00	10022.96
330.00	10000.00	9890.41
331.00	10000.00	10052.67
332.00	10000.00	10188.66
333.00	10000.00	10066.84
334.00	10000.00	9888.73
335.00	10000.00	9997.28
336.00	10000.00	10171.08
337.00	10000.00	10098.91
338.00	10000.00	9897.24
339.00	10000.00	9936.84
340.00	10000.00	10141.11
341.00	10000.00	10133.30
342.00	10000.00	9932.20
343.00	10000.00	9900.58
344.00	10000.00	10109.07
345.00	10000.00	10161.31
346.00	10000.00	9979.34
347.00	10000.00	9877.12
348.00	10000.00	10058.97
349.00	10000.00	10166.18
350.00	10000.00	10019.10
351.00	10000.00	9855.37
352.00	10000.00	9989.05
353.00	10000.00	10154.46
354.00	10000.00	10065.57
355.00	10000.00	9872.89
356.00	10000.00	9941.40
357.00	10000.00	10139.81
358.00	10000.00	10109.88
359.00	10000.00	9906.09
360.00	10000.00	9895.26
361.00	10000.00	10097.29
362.00	10000.00	10126.23
363.00	10000.00	9930.76
364.00	10000.00	9832.53
365.00	10000.00	10018.22
366.00	10000.00	10128.34
367.00	10000.00	9985.67
368.00	10000.00	9832.62
369.00	10000.00	9975.48
370.00	10000.00	10133.58
371.00	10000.00	10035.34
372.00	10000.00	9844.68
373.00	10000.00	9922.66
374.00	10000.00	10119.02
375.00	10000.00	10083.40
376.00	10000.00	9876.34
377.00	10000.00	9866.25
378.00	10000.00	10071.35
379.00	10000.00	10103.14
380.00	10000.00	9914.23
381.00	10000.00	9830.64
382.00	10000.00	10029.71
383.00	10000.00	10134.25
384.00	10000.00	9976.15
385.00	10000.00	9820.60
386.00	10000.00	9969.70
387.00	10000.00	10136.82
388.00	10000.00	10047.85
389.00	10000.00	9868.30
390.00	10000.00	9956.15
391.00	10000.00	10142.12
392.00	10000.00	10090.77
393.00	10000.00	9883.15
394.00	10000.00	9890.73
395.00	10000.00	10107.19
396.00	10000.00	10134.22
397.00	10000.00	9936.60
398.00	10000.00	9855.26
399.00	10000.00	10047.36
400.00	10000.00	10140.73
401.00	10000.00	9984.11
402.00	10000.00	9831.28
403.00	10000.00	9978.96
404.00	10000.00	10139.25
405.00	10000.00	10045.55
406.00	10000.00	9863.05
407.00	10000.00	9944.11
408.00	10000.00	10139.41
409.00	10000.00	10098.65
410.00	10000.00	9890.95
411.00	10000.00	9887.57
412.00	10000.00	10102.03
413.00	10000.00	10139.39
414.00	10000.00	9951.98
415.00	10000.00	9864.09
416.00	10000.00	10051.45
417.00	10000.00	10149.82
418.00	10000.00	9994.94
419.00	10000.00	9838.65
420.00	10000.00	9985.14
421.00	10000.00	10149.88
422.00	10000.00	10055.12
423.00	10000.00	9853.58
424.00	10000.00	9912.41
425.00	10000.00	10113.75
426.00	10000.00	10096.71
427.00	10000.00	9896.18
428.00	10000.00	9871.05
429.00	10000.00	10081.30
430.00	10000.00	10135.16
431.00	10000.00	9949.65
432.00	10000.00	9831.94
433.00	10000.00	10005.00
434.00	10000.00	10133.08
435.00	10000.00	10009.86
436.00	10000.00	9840.45
437.00	10000.00	9952.65
438.00	10000.00	10130.53
439.00	10000.00	10063.17
440.00	10000.00	9858.85
441.00	10000.00	9890.78
442.00	10000.00	10101.75
443.00	10000.00	10111.21
444.00	10000.00	9914.58
445.00	10000.00	9862.47
446.00	10000.00	10067.02
447.00	10000.00	10146.33
448.00	10000.00	9984.80
449.00	10000.00	9867.95
450.00	10000.00	10041.18
451.00	10000.00	10180.37
452.00	10000.00	10065.05
453.00	10000.00	9898.84
454.00	10000.00	10021.33
455.00	10000.00	10206.43
456.00	10000.00	10139.18
457.00	10000.00	9933.27
458.00	10000.00	9966.60
459.00	10000.00	10171.25
460.00	10000.00	10170.82
461.00	10000.00	9966.12
462.00	10000.00	9907.20
463.00	10000.00	10111.82
464.00	10000.00	10191.56
465.00	10000.00	10020.01
466.00	10000.00	9874.75
467.00	10000.00	10025.28
468.00	10000.00	10169.98
469.00	10000.00	10060.27
470.00	10000.00	9864.39
471.00	10000.00	9938.76
472.00	10000.00	10138.77
473.00	10000.00	10104.96
474.00	10000.00	9887.83
475.00	10000.00	9850.27
476.00	10000.00	10055.00
477.00	10000.00	10112.43
478.00	10000.00	9933.51
479.00	10000.00	9807.44
480.00	10000.00	9972.67
481.00	10000.00	10105.70
482.00	10000.00	9983.99
483.00	10000.00	9800.76
484.00	10000.00	9902.87
485.00	10000.00	10098.29
486.00	10000.00	10050.90
487.00	10000.00	9847.65
488.00	10000.00	9860.81
489.00	10000.00	10071.47
490.00	10000.00	10095.45
491.00	10000.00	9904.61
492.00	10000.00	9831.34
493.00	10000.00	10029.24
494.00	10000.00	10126.51
495.00	10000.00	9973.87
496.00	10000.00	9826.28
497.00	10000.00	9972.83
498.00	10000.00	10133.71
499.00	10000.00	10041.34
500.00	10000.00	9849.27