0.00	0.00	-0.02
1.00	15000.00	-0.20
2.00	15749.53	0.02
3.00	16496.25	21.67
4.00	17237.37	263.20
5.00	17970.12	1015.12
6.00	18691.76	1958.92
7.00	19399.62	2940.80
8.00	20091.09	3876.79
9.00	20763.65	4772.70
10.00	21414.85	5649.15
11.00	22042.34	6515.37
12.00	22643.91	7370.50
13.00	23217.45	8227.21
14.00	23760.99	9071.60
15.00	24272.69	9883.82
16.00	24750.90	10674.58
17.00	25194.07	11437.88
18.00	25600.86	12169.32
19.00	25970.08	12895.94
20.00	26300.72	13613.90
21.00	26591.96	14323.04
22.00	26843.14	15039.67
23.00	27053.80	15742.80
24.00	27223.66	16429.68
25.00	27352.65	17110.62
26.00	27440.84	17763.98
27.00	27488.52	18412.83
28.00	27496.16	19059.36
29.00	27464.38	19689.73
30.00	27394.02	20330.67
31.00	27286.03	20956.17
32.00	27141.59	21572.56
33.00	26961.97	22186.60
34.00	26748.62	22775.86
35.00	26503.15	23369.55
36.00	26227.25	23949.86
37.00	25922.77	24514.57
38.00	25591.66	25065.76
39.00	25235.97	25589.02
40.00	24857.82	26096.18
41.00	24459.44	26521.81
42.00	24043.10	26890.14
43.00	23611.13	27122.83
44.00	23165.89	27313.54
45.00	22709.79	27352.98
46.00	22245.24	27273.23
47.00	21774.64	27192.64
48.00	21300.40	27025.75
49.00	20824.91	26696.07
50.00	20350.50	26326.22
51.00	19879.48	25899.73
52.00	19414.08	25453.24
53.00	18956.47	25064.67
54.00	18508.74	24771.34
55.00	18072.89	24420.71
56.00	17650.82	23988.07
57.00	17244.31	23547.30
58.00	16855.04	23116.57
59.00	16484.55	22700.72
60.00	16134.25	22299.90
61.00	15805.42	21909.17
62.00	15499.20	21522.97
63.00	15216.55	21138.27
64.00	14958.32	20755.18
65.00	14725.17	20375.65
66.00	14517.64	20002.88
67.00	14336.08	19637.41
68.00	14180.70	19281.48
69.00	14051.54	18932.50
70.00	13948.51	18588.18
71.00	13871.34	18247.62
72.00	13819.62	17910.02
73.00	13792.81	17574.58
74.00	13790.21	17242.47
75.00	13811.00	16916.50
76.00	13854.21	16597.16
77.00	13918.78	16283.37
78.00	14003.52	15973.58
79.00	14107.15	15668.26
80.00	14228.26	15366.40
81.00	14365.40	15067.50
82.00	14517.00	14772.15
83.00	14681.46	14481.25
84.00	14857.12	14196.27
85.00	15042.24	13921.89
86.00	15235.08	13661.49
87.00	15433.88	13413.48
88.00	15636.83	13207.24
89.00	15842.18	13078.80
90.00	16048.13	12976.77
91.00	16252.94	12903.80
92.00	16454.88	13034.19
93.00	16652.27	13340.08
94.00	16843.49	13586.62
95.00	17026.98	13951.49
96.00	17201.23	14337.32
97.00	17364.83	14713.76
98.00	17516.47	15165.18
99.00	17654.90	15561.77
100.00	17778.99	16027.53
101.00	17887.74	16412.55
102.00	17980.23	16842.78
103.00	18055.68	17182.10
104.00	18113.44	17513.05
105.00	18152.95	17821.91
106.00	18173.83	18023.60
107.00	18175.79	18289.21
108.00	18158.69	18447.24
109.00	18122.53	18530.54
110.00	18067.42	18699.89
111.00	17993.63	18773.25
112.00	17901.52	18716.75
113.00	17791.60	18722.78
114.00	17664.50	18776.92
115.00	17520.97	18706.73
116.00	17361.84	18523.83
117.00	17188.08	18370.25
118.00	17000.75	18337.02
119.00	16800.97	18289.10
120.00	16590.00	18107.25
121.00	16369.12	17848.49
122.00	16139.70	17551.07
123.00	15903.18	17356.98
124.00	15661.01	17278.35
125.00	15414.73	17197.01
126.00	15165.85	16985.83
127.00	14915.93	16702.63
128.00	14666.55	16375.02
129.00	14419.24	16024.70
130.00	14175.56	15788.34
131.00	13937.03	15683.48
132.00	13705.12	15601.05
133.00	13481.30	15441.00
134.00	13266.93	15173.11
135.00	13063.36	14838.90
136.00	12871.81	14489.91
137.00	12693.49	14126.00
138.00	12529.46	13796.56
139.00	12380.72	13619.92
140.00	12248.15	13582.03
141.00	12132.54	13503.44
142.00	12034.54	13315.18
143.00	11954.70	13024.68
144.00	11893.44	12703.24
145.00	11851.06	12367.47
146.00	11827.71	12041.88
147.00	11823.44	11871.03
148.00	11838.15	11910.38
149.00	11871.60	11923.77
150.00	11923.43	11800.28
151.00	11993.15	11581.74
152.00	12080.15	11350.11
153.00	12183.67	11303.02
154.00	12302.85	11389.67
155.00	12436.70	11417.48
156.00	12584.14	11351.89
157.00	12743.97	11332.76
158.00	12914.88	11482.36
159.00	13095.51	11595.35
160.00	13284.36	11592.62
161.00	13479.91	11685.29
162.00	13680.55	11909.40
163.00	13884.61	12037.43
164.00	14090.37	12183.49
165.00	14296.11	12469.66
166.00	14500.04	12657.31
167.00	14700.40	12838.56
168.00	14895.39	13128.67
169.00	15083.23	13312.43
170.00	15262.17	13536.60
171.00	15430.48	13835.43
172.00	15586.48	14023.93
173.00	15728.53	14298.95
174.00	15855.05	14570.08
175.00	15964.56	14747.06
176.00	16055.63	15031.75
177.00	16126.95	15240.99
178.00	16177.28	15392.94
179.00	16205.51	15649.12
180.00	16210.66	15799.89
181.00	16191.86	15917.86
182.00	16148.37	16138.18
183.00	16079.58	16242.71
184.00	15985.06	16275.78
185.00	15864.47	16421.56
186.00	15717.68	16505.03
187.00	15544.68	16435.92
188.00	15345.61	16402.08
189.00	15120.81	16474.49
190.00	14870.72	16455.57
191.00	14595.99	16296.45
192.00	14297.38	16098.25
193.00	13975.83	16016.22
194.00	13632.43	15999.59
195.00	13268.41	15857.74
196.00	12885.12	15600.04
197.00	12484.07	15271.51
198.00	12066.91	14892.09
199.00	11635.37	14606.95
200.00	11191.32	14494.59
201.00	10736.71	14366.73
202.00	10273.62	14140.70
203.00	9804.20	13884.42
204.00	9330.65	13590.24
205.00	8855.26	13275.99
206.00	8380.35	12971.10
207.00	7908.29	12684.07
208.00	7441.49	12409.85
209.00	6982.37	12141.47
210.00	6533.31	11872.72
211.00	6096.73	11599.20
212.00	5675.00	11321.40
213.00	5270.49	11045.85
214.00	4885.48	10766.31
215.00	4522.19	10464.15
216.00	4182.80	10150.05
217.00	3869.38	9844.23
218.00	3583.92	9547.98
219.00	3328.30	9257.44
220.00	3104.25	8969.13
221.00	2913.42	8681.21
222.00	2757.30	8397.12
223.00	2637.25	8119.72
224.00	2554.45	7849.88
225.00	2509.94	7588.46
226.00	2504.60	7334.60
227.00	2539.11	7087.97
228.00	2614.00	6846.26
229.00	2729.60	6607.77
230.00	2886.09	6372.65
231.00	3083.41	6141.51
232.00	3321.37	5915.96
233.00	3599.55	5696.46
234.00	3917.37	5484.41
235.00	4274.06	5279.28
236.00	4668.68	5080.21
237.00	5100.08	4885.95
238.00	5566.98	4696.43
239.00	6067.88	4511.24
240.00	6601.19	4330.60
241.00	7165.12	4155.54
242.00	7757.74	3986.68
243.00	8376.99	3824.78
244.00	9020.66	3675.93
245.00	9686.49	3595.65
246.00	10372.05	3610.88
247.00	11074.84	3807.53
248.00	11792.27	4233.18
249.00	12521.65	4647.31
250.00	13260.34	5177.30
251.00	14005.54	5738.75
252.00	14754.46	6346.24
253.00	15504.31	6987.67
254.00	16252.24	7674.99
255.00	16995.50	8368.22
256.00	17731.30	9109.31
257.00	18456.88	9833.64
258.00	19169.55	10583.90
259.00	19866.65	11317.90
260.00	20545.68	12041.14
261.00	21204.14	12777.67
262.00	21839.65	13497.55
263.00	22449.94	14233.55
264.00	23032.87	14965.18
265.00	23586.44	15677.40
266.00	24108.77	16398.88
267.00	24598.11	17100.05
268.00	25052.91	17795.97
269.00	25471.75	18483.03
270.00	25853.39	19150.34
271.00	26196.77	19824.45
272.00	26500.99	20480.19
273.00	26765.34	21135.10
274.00	26989.31	21788.42
275.00	27172.55	22422.50
276.00	27314.92	23062.92
277.00	27416.44	23678.53
278.00	27477.34	24286.92
279.00	27498.03	24884.19
280.00	27479.08	25452.62
281.00	27421.25	26011.78
282.00	27325.46	26512.74
283.00	27192.81	26989.25
284.00	27024.57	27379.86
285.00	26822.09	27736.89
286.00	26586.95	27975.78
287.00	26320.82	28203.59
288.00	26025.49	28319.02
289.00	25702.89	28340.34
290.00	25355.01	28378.71
291.00	24983.97	28300.44
292.00	24591.96	28090.99
293.00	24181.24	27815.13
294.00	23754.15	27546.07
295.00	23312.99	27288.75
296.00	22860.17	26983.74
297.00	22398.11	26556.59
298.00	21929.23	26098.85
299.00	21455.94	25651.63
300.00	20980.59	25217.82
301.00	20505.57	24796.61
302.00	20033.18	24384.00
303.00	19565.69	23976.68
304.00	19105.31	23573.44
305.00	18654.12	23172.39
306.00	18214.17	22775.88
307.00	17787.38	22386.37
308.00	17375.58	22005.45
309.00	16980.50	21632.00
310.00	16603.70	21265.72
311.00	16246.64	20904.05
312.00	15910.65	20546.08
313.00	15596.90	20190.92
314.00	15306.44	19839.55
315.00	15040.13	19491.68
316.00	14798.71	19149.64
317.00	14582.74	18814.72
318.00	14392.65	18485.22
319.00	14228.68	18159.72
320.00	14090.95	17836.96
321.00	13979.38	17517.30
322.00	13893.78	17201.23
323.00	13833.79	16887.43
324.00	13798.89	16578.50
325.00	13788.45	16275.28
326.00	13801.67	15976.17
327.00	13837.66	15680.79
328.00	13895.37	15387.81
329.00	13973.63	15098.07
330.00	14071.23	14812.38
331.00	14186.77	14530.03
332.00	14318.83	14251.15
333.00	14465.88	13974.73
334.00	14626.30	13703.47
335.00	14798.48	13436.32
336.00	14980.69	13174.00
337.00	15171.20	12945.09
338.00	15368.25	12799.53
339.00	15570.03	12670.49
340.00	15774.80	12542.19
341.00	15980.74	12472.22
342.00	16186.11	12642.70
343.00	16389.18	12919.55
344.00	16588.24	13123.26
345.00	16781.66	13464.85
346.00	16967.85	13827.55
347.00	17145.28	14175.45
348.00	17312.53	14611.76
349.00	17468.21	14973.20
350.00	17611.10	15416.21
351.00	17740.00	15787.13
352.00	17853.88	16183.75
353.00	17951.79	16552.98
354.00	18032.90	16856.43
355.00	18096.51	17201.45
356.00	18142.05	17412.58
357.00	18169.06	17662.12
358.00	18177.24	17894.43
359.00	18166.39	17994.43
360.00	18136.46	18163.82
361.00	18087.54	18315.90
362.00	18019.83	18309.44
363.00	17933.66	18311.64
364.00	17829.52	18405.27
365.00	17707.97	18398.96
366.00	17569.73	18264.22
367.00	17415.60	18140.82
368.00	17246.52	18139.89
369.00	17063.51	18122.94
370.00	16867.67	17974.61
371.00	16660.23	17733.29
372.00	16442.45	17496.03
373.00	16215.66	17384.14
374.00	15981.32	17350.32
375.00	15740.83	17220.27
376.00	15495.73	16976.99
377.00	15247.53	16682.11
378.00	14997.77	16336.31
379.00	14748.05	16080.95
380.00	14499.88	15969.64
381.00	14254.85	15909.01
382.00	14014.47	15764.60
383.00	13780.23	15495.05
384.00	13553.61	15156.86
385.00	13335.99	14802.80
386.00	13128.74	14439.21
387.00	12933.13	14123.53
388.00	12750.35	13973.60
389.00	12581.53	13946.64
390.00	12427.68	13860.51
391.00	12289.73	13647.14
392.00	12168.48	13327.30
393.00	12064.65	12977.05
394.00	11978.81	12633.43
395.00	11911.43	12304.33
396.00	11862.84	12078.32
397.00	11833.25	12048.58
398.00	11822.74	12072.47
399.00	11831.25	11962.99
400.00	11858.60	11738.58

