0.00	0.00	-2.15
1.00	15000.00	4.46
2.00	15749.53	8.09
3.00	16496.25	37.28
4.00	17237.37	419.18
5.00	17970.12	1463.32
6.00	18691.76	2819.35
7.00	19399.62	4231.68
8.00	20091.09	5585.00
9.00	20763.65	6846.65
10.00	21414.85	8047.43
11.00	22042.34	9235.79
12.00	22643.91	10430.44
13.00	23217.45	11642.93
14.00	23760.99	12862.23
15.00	24272.69	14031.89
16.00	24750.90	15133.43
17.00	25194.07	16189.50
18.00	25600.86	17201.57
19.00	25970.08	18212.91
20.00	26300.72	19236.65
21.00	26591.96	20256.57
22.00	26843.14	21283.70
23.00	27053.80	22287.87
24.00	27223.66	23253.03
25.00	27352.65	24190.89
26.00	27440.84	25071.65
27.00	27488.52	25935.21
28.00	27496.16	26791.97
29.00	27464.38	27645.20
30.00	27394.02	28488.40
31.00	27286.03	29250.68
32.00	27141.59	29985.95
33.00	26961.97	30609.25
34.00	26748.62	31161.14
35.00	26503.15	31568.48
36.00	26227.25	31967.36
37.00	25922.77	32227.75
38.00	25591.66	32517.43
39.00	25235.97	32730.21
40.00	24857.82	32826.55
41.00	24459.44	32995.52
42.00	24043.10	33047.53
43.00	23611.13	33008.59
44.00	23165.89	33077.28
45.00	22709.79	33078.75
46.00	22245.24	32953.23
47.00	21774.64	32910.16
48.00	21300.40	32953.84
49.00	20824.91	32841.74
50.00	20350.50	32645.11
51.00	19879.48	32537.13
52.00	19414.08	32480.09
53.00	18956.47	32274.11
54.00	18508.74	32015.47
55.00	18072.89	31827.04
56.00	17650.82	31738.27
57.00	17244.31	31550.68
58.00	16855.04	31219.08
59.00	16484.55	30869.62
60.00	16134.25	30605.70
61.00	15805.42	30441.97
62.00	15499.20	30235.62
63.00	15216.55	29851.63
64.00	14958.32	29448.96
65.00	14725.17	29066.57
66.00	14517.64	28780.48
67.00	14336.08	28588.12
68.00	14180.70	28340.95
69.00	14051.54	27887.29
70.00	13948.51	27410.82
71.00	13871.34	26948.03
72.00	13819.62	26578.36
73.00	13792.81	26305.30
74.00	13790.21	26130.69
75.00	13811.00	25850.02
76.00	13854.21	25370.87
77.00	13918.78	24866.58
78.00	14003.52	24386.28
79.00	14107.15	24002.46
80.00	14228.26	23743.08
81.00	14365.40	23606.92
82.00	14517.00	23389.43
83.00	14681.46	22962.24
84.00	14857.12	22471.95
85.00	15042.24	21981.76
86.00	15235.08	21602.64
87.00	15433.88	21412.97
88.00	15636.83	21364.89
89.00	15842.18	21170.77
90.00	16048.13	20787.82
91.00	16252.94	20348.79
92.00	16454.88	19954.42
93.00	16652.27	19766.93
94.00	16843.49	19748.57
95.00	17026.98	19612.61
96.00	17201.23	19316.97
97.00	17364.83	18957.16
98.00	17516.47	18709.41
99.00	17654.90	18675.43
100.00	17778.99	18652.02
101.00	17887.74	18434.20
102.00	17980.23	18112.21
103.00	18055.68	17868.98
104.00	18113.44	17862.20
105.00	18152.95	17904.78
106.00	18173.83	17768.27
107.00	18175.79	17524.50
108.00	18158.69	17420.43
109.00	18122.53	17527.02
110.00	18067.42	17552.76
111.00	17993.63	17436.42
112.00	17901.52	17418.44
113.00	17791.60	17600.04
114.00	17664.50	17677.94
115.00	17520.97	17608.10
116.00	17361.84	17661.21
117.00	17188.08	17830.30
118.00	17000.75	17814.99
119.00	16800.97	17675.26
120.00	16590.00	17694.28
121.00	16369.12	17812.70
122.00	16139.70	17740.21
123.00	15903.18	17519.41
124.00	15661.01	17414.61
125.00	15414.73	17490.21
126.00	15165.85	17441.85
127.00	14915.93	17203.42
128.00	14666.55	16937.06
129.00	14419.24	16883.59
130.00	14175.56	16939.21
131.00	13937.03	16807.88
132.00	13705.12	16510.77
133.00	13481.30	16224.97
134.00	13266.93	16163.21
135.00	13063.36	16194.06
136.00	12871.81	16029.66
137.00	12693.49	15700.83
138.00	12529.46	15330.06
139.00	12380.72	15170.99
140.00	12248.15	15200.10
141.00	12132.54	15108.42
142.00	12034.54	14817.43
143.00	11954.70	14397.54
144.00	11893.44	14046.22
145.00	11851.06	13952.08
146.00	11827.71	13989.27
147.00	11823.44	13846.92
148.00	11838.15	13529.53
149.00	11871.60	13098.04
150.00	11923.43	12773.77
151.00	11993.15	12710.74
152.00	12080.15	12753.04
153.00	12183.67	12604.09
154.00	12302.85	12285.17
155.00	12436.70	11859.83
156.00	12584.14	11558.97
157.00	12743.97	11546.65
158.00	12914.88	11652.74
159.00	13095.51	11599.25
160.00	13284.36	11396.01
161.00	13479.91	11271.11
162.00	13680.55	11445.69
163.00	13884.61	11633.67
164.00	14090.37	11664.24
165.00	14296.11	11842.78
166.00	14500.04	12236.12
167.00	14700.40	12477.36
168.00	14895.39	12770.61
169.00	15083.23	13220.79
170.00	15262.17	13494.13
171.00	15430.48	13863.24
172.00	15586.48	14288.94
173.00	15728.53	14552.31
174.00	15855.05	14962.72
175.00	15964.56	15283.53
176.00	16055.63	15472.11
177.00	16126.95	15813.11
178.00	16177.28	16004.80
179.00	16205.51	16065.40
180.00	16210.66	16303.73
181.00	16191.86	16451.72
182.00	16148.37	16389.13
183.00	16079.58	16447.38
184.00	15985.06	16621.31
185.00	15864.47	16583.37
186.00	15717.68	16397.65
187.00	15544.68	16384.57
188.00	15345.61	16485.25
189.00	15120.81	16393.56
190.00	14870.72	16135.35
191.00	14595.99	15978.31
192.00	14297.38	16043.39
193.00	13975.83	16030.10
194.00	13632.43	15801.62
195.00	13268.41	15480.55
196.00	12885.12	15350.64
197.00	12484.07	15393.30
198.00	12066.91	15290.56
199.00	11635.37	14998.01
200.00	11191.32	14607.58
201.00	10736.71	14384.24
202.00	10273.62	14375.94
203.00	9804.20	14323.10
204.00	9330.65	14053.45
205.00	8855.26	13648.06
206.00	8380.35	13194.05
207.00	7908.29	12944.93
208.00	7441.49	12912.10
209.00	6982.37	12864.52
210.00	6533.31	12590.87
211.00	6096.73	12159.07
212.00	5675.00	11650.84
213.00	5270.49	11142.93
214.00	4885.48	10844.25
215.00	4522.19	10771.72
216.00	4182.80	10745.75
217.00	3869.38	10580.71
218.00	3583.92	10241.47
219.00	3328.30	9751.98
220.00	3104.25	9211.76
221.00	2913.42	8717.10
222.00	2757.30	8263.85
223.00	2637.25	7909.62
224.00	2554.45	7737.29
225.00	2509.94	7680.91
226.00	2504.60	7541.09
227.00	2539.11	7153.71
228.00	2614.00	6658.02
229.00	2729.60	6203.71
230.00	2886.09	5821.32
231.00	3083.41	5507.47
232.00	3321.37	5234.56
233.00	3599.55	4968.57
234.00	3917.37	4683.36
235.00	4274.06	4370.25
236.00	4668.68	4043.46
237.00	5100.08	3728.38
238.00	5566.98	3446.42
239.00	6067.88	3209.46
240.00	6601.19	3018.58
241.00	7165.12	2886.52
242.00	7757.74	2804.96
243.00	8376.99	2842.27
244.00	9020.66	2977.51
245.00	9686.49	3392.90
246.00	10372.05	4010.67
247.00	11074.84	4588.11
248.00	11792.27	5362.31
249.00	12521.65	6151.25
250.00	13260.34	7053.09
251.00	14005.54	7968.30
252.00	14754.46	8956.00
253.00	15504.31	9923.35
254.00	16252.24	10941.26
255.00	16995.50	11938.51
256.00	17731.30	12952.33
257.00	18456.88	13962.03
258.00	19169.55	14957.37
259.00	19866.65	15973.39
260.00	20545.68	16974.86
261.00	21204.14	17985.41
262.00	21839.65	18963.83
263.00	22449.94	19892.07
264.00	23032.87	20805.66
265.00	23586.44	21654.95
266.00	24108.77	22494.69
267.00	24598.11	23264.47
268.00	25052.91	24000.97
269.00	25471.75	24670.49
270.00	25853.39	25310.31
271.00	26196.77	25873.69
272.00	26500.99	26433.84
273.00	26765.34	26892.19
274.00	26989.31	27380.65
275.00	27172.55	27733.64
276.00	27314.92	28131.61
277.00	27416.44	28448.56
278.00	27477.34	28702.76
279.00	27498.03	29026.43
280.00	27479.08	29198.07
281.00	27421.25	29396.73
282.00	27325.46	29639.31
283.00	27192.81	29728.91
284.00	27024.57	29878.82
285.00	26822.09	30076.22
286.00	26586.95	30120.22
287.00	26320.82	30212.02
288.00	26025.49	30385.56
289.00	25702.89	30409.25
290.00	25355.01	30424.71
291.00	24983.97	30576.10
292.00	24591.96	30629.32
293.00	24181.24	30591.25
294.00	23754.15	30671.90
295.00	23312.99	30750.18
296.00	22860.17	30674.12
297.00	22398.11	30615.42
298.00	21929.23	30684.94
299.00	21455.94	30655.51
300.00	20980.59	30499.72
301.00	20505.57	30402.21
302.00	20033.18	30429.07
303.00	19565.69	30343.31
304.00	19105.31	30134.41
305.00	18654.12	29954.61
306.00	18214.17	29908.06
307.00	17787.38	29825.85
308.00	17375.58	29574.74
309.00	16980.50	29294.71
310.00	16603.70	29105.74
311.00	16246.64	29035.04
312.00	15910.65	28877.49
313.00	15596.90	28553.56
314.00	15306.44	28200.96
315.00	15040.13	27907.82
316.00	14798.71	27734.07
317.00	14582.74	27600.88
318.00	14392.65	27285.62
319.00	14228.68	26876.37
320.00	14090.95	26455.59
321.00	13979.38	26100.55
322.00	13893.78	25868.76
323.00	13833.79	25718.42
324.00	13798.89	25454.94
325.00	13788.45	25002.77
326.00	13801.67	24542.01
327.00	13837.66	24086.46
328.00	13895.37	23735.89
329.00	13973.63	23525.11
330.00	14071.23	23395.16
331.00	14186.77	23137.08
332.00	14318.83	22693.65
333.00	14465.88	22231.94
334.00	14626.30	21765.08
335.00	14798.48	21420.75
336.00	14980.69	21259.50
337.00	15171.20	21190.01
338.00	15368.25	20955.91
339.00	15570.03	20545.81
340.00	15774.80	20100.18
341.00	15980.74	19685.06
342.00	16186.11	19485.19
343.00	16389.18	19471.54
344.00	16588.24	19369.30
345.00	16781.66	19073.40
346.00	16967.85	18693.22
347.00	17145.28	18345.02
348.00	17312.53	18234.80
349.00	17468.21	18259.14
350.00	17611.10	18119.63
351.00	17740.00	17838.65
352.00	17853.88	17513.26
353.00	17951.79	17386.57
354.00	18032.90	17456.49
355.00	18096.51	17429.12
356.00	18142.05	17246.03
357.00	18169.06	17077.11
358.00	18177.24	17168.16
359.00	18166.39	17315.94
360.00	18136.46	17296.19
361.00	18087.54	17296.49
362.00	18019.83	17520.03
363.00	17933.66	17674.13
364.00	17829.52	17670.20
365.00	17707.97	17803.46
366.00	17569.73	18023.42
367.00	17415.60	18032.57
368.00	17246.52	17982.50
369.00	17063.51	18131.19
370.00	16867.67	18234.90
371.00	16660.23	18121.23
372.00	16442.45	17997.43
373.00	16215.66	18083.43
374.00	15981.32	18131.02
375.00	15740.83	17970.07
376.00	15495.73	17742.20
377.00	15247.53	17715.59
378.00	14997.77	17790.34
379.00	14748.05	17672.85
380.00	14499.88	17399.56
381.00	14254.85	17170.87
382.00	14014.47	17169.66
383.00	13780.23	17173.55
384.00	13553.61	16968.05
385.00	13335.99	16629.17
386.00	13128.74	16342.93
387.00	12933.13	16282.36
388.00	12750.35	16290.73
389.00	12581.53	16097.66
390.00	12427.68	15764.50
391.00	12289.73	15362.93
392.00	12168.48	15134.74
393.00	12064.65	15123.95
394.00	11978.81	15078.97
395.00	11911.43	14816.20
396.00	11862.84	14432.76
397.00	11833.25	14005.54
398.00	11822.74	13784.40
399.00	11831.25	13785.85
400.00	11858.60	13749.79