0.00	0.00	0.74
1.00	15000.00	-0.40
2.00	15749.53	-1.10
3.00	16496.25	90.63
4.00	17237.37	1431.04
5.00	17970.12	5580.70
6.00	18691.76	9555.10
7.00	19399.62	12697.15
8.00	20091.09	14780.96
9.00	20763.65	16389.66
10.00	21414.85	17999.59
11.00	22042.34	19469.19
12.00	22643.91	21446.86
13.00	23217.45	22712.70
14.00	23760.99	23337.78
15.00	24272.69	23775.21
16.00	24750.90	22799.33
17.00	25194.07	20967.70
18.00	25600.86	19734.85
19.00	25970.08	20153.31
20.00	26300.72	21371.80
21.00	26591.96	21807.32
22.00	26843.14	21757.59
23.00	27053.80	22291.97
24.00	27223.66	22624.22
25.00	27352.65	23078.62
26.00	27440.84	24817.09
27.00	27488.52	26322.82
28.00	27496.16	27822.74
29.00	27464.38	28843.17
30.00	27394.02	28356.16
31.00	27286.03	27770.13
32.00	27141.59	27690.32
33.00	26961.97	27188.50
34.00	26748.62	26511.83
35.00	26503.15	25577.97
36.00	26227.25	24851.87
37.00	25922.77	24564.41
38.00	25591.66	24483.16
39.00	25235.97	23664.87
40.00	24857.82	22661.70
41.00	24459.44	22169.42
42.00	24043.10	23007.93
43.00	23611.13	23994.39
44.00	23165.89	24200.64
45.00	22709.79	24233.40
46.00	22245.24	24301.78
47.00	21774.64	23401.66
48.00	21300.40	22068.82
49.00	20824.91	20717.89
50.00	20350.50	20294.47
51.00	19879.48	20717.74
52.00	19414.08	21040.70
53.00	18956.47	19989.80
54.00	18508.74	18112.36
55.00	18072.89	15934.60
56.00	17650.82	14868.21
57.00	17244.31	15759.49
58.00	16855.04	17349.52
59.00	16484.55	17833.08
60.00	16134.25	17152.25
61.00	15805.42	16663.57
62.00	15499.20	16229.95
63.00	15216.55	15339.13
64.00	14958.32	14437.57
65.00	14725.17	14539.18
66.00	14517.64	15701.04
67.00	14336.08	16291.15
68.00	14180.70	15294.08
69.00	14051.54	13133.60
70.00	13948.51	11510.73
71.00	13871.34	11701.63
72.00	13819.62	12970.86
73.00	13792.81	13800.04
74.00	13790.21	13748.34
75.00	13811.00	13771.84
76.00	13854.21	13699.07
77.00	13918.78	12685.86
78.00	14003.52	11392.11
79.00	14107.15	11311.41
80.00	14228.26	12836.24
81.00	14365.40	14156.70
82.00	14517.00	14154.74
83.00	14681.46	13749.89
84.00	14857.12	13685.60
85.00	15042.24	13015.88
86.00	15235.08	12140.25
87.00	15433.88	12506.19
88.00	15636.83	14376.81
89.00	15842.18	15605.26
90.00	16048.13	15626.11
91.00	16252.94	15793.89
92.00	16454.88	15435.16
93.00	16652.27	14249.35
94.00	16843.49	13817.87
95.00	17026.98	15198.10
96.00	17201.23	16726.00
97.00	17364.83	17099.00
98.00	17516.47	17095.57
99.00	17654.90	17077.17
100.00	17778.99	16051.88
101.00	17887.74	14813.63
102.00	17980.23	15095.35
103.00	18055.68	16860.35
104.00	18113.44	18041.44
105.00	18152.95	18178.21
106.00	18173.83	18306.46
107.00	18175.79	17771.23
108.00	18158.69	16362.23
109.00	18122.53	15443.74
110.00	18067.42	16412.93
111.00	17993.63	18160.33
112.00	17901.52	18834.86
113.00	17791.60	18562.09
114.00	17664.50	18369.41
115.00	17520.97	17533.71
116.00	17361.84	16191.10
117.00	17188.08	15360.20
118.00	17000.75	16274.26
119.00	16800.97	17975.91
120.00	16590.00	18427.25
121.00	16369.12	17394.14
122.00	16139.70	16368.49
123.00	15903.18	15993.57
124.00	15661.01	15494.18
125.00	15414.73	15091.33
126.00	15165.85	15176.86
127.00	14915.93	16318.15
128.00	14666.55	16977.49
129.00	14419.24	15989.29
130.00	14175.56	13952.08
131.00	13937.03	12791.46
132.00	13705.12	13303.70
133.00	13481.30	14242.71
134.00	13266.93	14589.65
135.00	13063.36	14188.95
136.00	12871.81	14074.20
137.00	12693.49	13862.95
138.00	12529.46	12754.78
139.00	12380.72	11385.35
140.00	12248.15	10334.00
141.00	12132.54	10906.78
142.00	12034.54	12512.67
143.00	11954.70	13206.04
144.00	11893.44	12365.20
145.00	11851.06	11408.00
146.00	11827.71	11414.63
147.00	11823.44	11362.75
148.00	11838.15	11149.89
149.00	11871.60	11530.87
150.00	11923.43	12944.64
151.00	11993.15	13505.54
152.00	12080.15	12431.56
153.00	12183.67	10954.82
154.00	12302.85	10783.15
155.00	12436.70	11401.27
156.00	12584.14	11771.09
157.00	12743.97	11794.60
158.00	12914.88	12451.15
159.00	13095.51	13234.16
160.00	13284.36	12691.11
161.00	13479.91	11548.55
162.00	13680.55	11645.95
163.00	13884.61	12588.22
164.00	14090.37	13057.82
165.00	14296.11	13261.38
166.00	14500.04	14234.46
167.00	14700.40	14673.15
168.00	14895.39	13795.16
169.00	15083.23	13190.91
170.00	15262.17	13884.65
171.00	15430.48	14494.10
172.00	15586.48	14549.84
173.00	15728.53	15007.79
174.00	15855.05	15911.68
175.00	15964.56	15639.45
176.00	16055.63	14616.44
177.00	16126.95	14571.71
178.00	16177.28	15357.64
179.00	16205.51	15662.80
180.00	16210.66	15599.55
181.00	16191.86	16243.43
182.00	16148.37	16765.90
183.00	16079.58	16054.45
184.00	15985.06	15021.76
185.00	15864.47	15208.62
186.00	15717.68	15956.43
187.00	15544.68	16057.85
188.00	15345.61	15582.21
189.00	15120.81	15592.87
190.00	14870.72	15919.53
191.00	14595.99	15379.09
192.00	14297.38	14165.19
193.00	13975.83	13367.76
194.00	13632.43	13979.60
195.00	13268.41	14875.30
196.00	12885.12	14764.98
197.00	12484.07	13686.09
198.00	12066.91	13026.72
199.00	11635.37	13190.60
200.00	11191.32	13006.28
201.00	10736.71	12322.05
202.00	10273.62	11193.84
203.00	9804.20	10767.39
204.00	9330.65	11304.84
205.00	8855.26	11627.55
206.00	8380.35	10829.32
207.00	7908.29	9296.28
208.00	7441.49	7697.23
209.00	6982.37	7471.69
210.00	6533.31	8564.60
211.00	6096.73	9495.43
212.00	5675.00	9188.86
213.00	5270.49	7686.34
214.00	4885.48	6357.06
215.00	4522.19	6333.66
216.00	4182.80	7043.61
217.00	3869.38	7111.25
218.00	3583.92	6590.49
219.00	3328.30	5429.56
220.00	3104.25	4135.71
221.00	2913.42	3707.77
222.00	2757.30	4165.78
223.00	2637.25	4274.26
224.00	2554.45	3678.45
225.00	2509.94	3111.34
226.00	2504.60	2275.63
227.00	2539.11	1672.62
228.00	2614.00	1852.99
229.00	2729.60	2722.28
230.00	2886.09	3154.72
231.00	3083.41	3094.71
232.00	3321.37	2390.35
233.00	3599.55	2129.20
234.00	3917.37	2620.55
235.00	4274.06	3105.68
236.00	4668.68	3451.52
237.00	5100.08	3569.94
238.00	5566.98	4359.74
239.00	6067.88	5071.90
240.00	6601.19	4880.00
241.00	7165.12	4432.38
242.00	7757.74	5028.56
243.00	8376.99	6153.80
244.00	9020.66	6629.63
245.00	9686.49	6955.82
246.00	10372.05	8125.55
247.00	11074.84	8736.10
248.00	11792.27	8499.25
249.00	12521.65	9212.00
250.00	13260.34	10303.65
251.00	14005.54	10632.80
252.00	14754.46	11681.72
253.00	15504.31	13032.76
254.00	16252.24	13222.46
255.00	16995.50	13960.28
256.00	17731.30	14877.45
257.00	18456.88	14926.19
258.00	19169.55	15900.80
259.00	19866.65	17145.50
260.00	20545.68	17616.12
261.00	21204.14	18798.46
262.00	21839.65	19610.00
263.00	22449.94	19633.66
264.00	23032.87	20494.03
265.00	23586.44	21130.43
266.00	24108.77	21339.81
267.00	24598.11	22443.11
268.00	25052.91	23311.67
269.00	25471.75	23455.08
270.00	25853.39	24117.75
271.00	26196.77	24658.69
272.00	26500.99	24499.04
273.00	26765.34	24876.71
274.00	26989.31	25808.58
275.00	27172.55	26037.58
276.00	27314.92	26081.06
277.00	27416.44	26689.99
278.00	27477.34	26903.58
279.00	27498.03	26493.01
280.00	27479.08	26455.89
281.00	27421.25	27146.14
282.00	27325.46	27360.98
283.00	27192.81	27104.60
284.00	27024.57	27113.79
285.00	26822.09	27472.92
286.00	26586.95	27128.27
287.00	26320.82	26375.66
288.00	26025.49	25878.93
289.00	25702.89	26146.78
290.00	25355.01	26456.89
291.00	24983.97	25980.62
292.00	24591.96	25091.62
293.00	24181.24	24478.61
294.00	23754.15	24528.16
295.00	23312.99	24473.47
296.00	22860.17	23883.08
297.00	22398.11	23083.96
298.00	21929.23	22673.60
299.00	21455.94	22883.92
300.00	20980.59	22816.83
301.00	20505.57	21996.46
302.00	20033.18	20755.23
303.00	19565.69	19938.09
304.00	19105.31	20098.25
305.00	18654.12	20516.23
306.00	18214.17	20070.46
307.00	17787.38	18923.49
308.00	17375.58	17625.52
309.00	16980.50	17270.62
310.00	16603.70	17699.35
311.00	16246.64	17687.45
312.00	15910.65	17053.21
313.00	15596.90	16009.99
314.00	15306.44	15722.48
315.00	15040.13	16085.14
316.00	14798.71	15917.85
317.00	14582.74	15133.16
318.00	14392.65	14133.65
319.00	14228.68	14139.94
320.00	14090.95	14835.86
321.00	13979.38	14876.01
322.00	13893.78	14060.16
323.00	13833.79	13197.18
324.00	13798.89	13416.89
325.00	13788.45	13923.26
326.00	13801.67	13768.53
327.00	13837.66	13145.94
328.00	13895.37	13249.24
329.00	13973.63	13986.80
330.00	14071.23	13977.61
331.00	14186.77	13275.66
332.00	14318.83	13209.49
333.00	14465.88	14054.39
334.00	14626.30	14334.18
335.00	14798.48	13936.00
336.00	14980.69	14103.68
337.00	15171.20	14882.54
338.00	15368.25	14859.92
339.00	15570.03	14258.82
340.00	15774.80	14513.63
341.00	15980.74	15375.16
342.00	16186.11	15460.40
343.00	16389.18	15145.70
344.00	16588.24	15718.65
345.00	16781.66	16342.79
346.00	16967.85	16047.98
347.00	17145.28	15843.75
348.00	17312.53	16685.14
349.00	17468.21	17165.61
350.00	17611.10	16901.61
351.00	17740.00	17073.61
352.00	17853.88	17797.76
353.00	17951.79	17696.69
354.00	18032.90	17078.99
355.00	18096.51	17273.73
356.00	18142.05	18050.28
357.00	18169.06	18087.63
358.00	18177.24	17649.55
359.00	18166.39	17913.46
360.00	18136.46	18447.32
361.00	18087.54	18152.81
362.00	18019.83	17545.93
363.00	17933.66	17856.05
364.00	17829.52	18543.89
365.00	17707.97	18376.11
366.00	17569.73	17680.91
367.00	17415.60	17611.95
368.00	17246.52	18063.05
369.00	17063.51	17835.17
370.00	16867.67	17023.47
371.00	16660.23	16535.79
372.00	16442.45	17053.81
373.00	16215.66	17415.68
374.00	15981.32	16905.26
375.00	15740.83	15946.95
376.00	15495.73	15808.43
377.00	15247.53	16267.27
378.00	14997.77	16128.95
379.00	14748.05	15374.55
380.00	14499.88	14734.96
381.00	14254.85	15068.44
382.00	14014.47	15434.10
383.00	13780.23	14949.33
384.00	13553.61	13810.62
385.00	13335.99	13245.22
386.00	13128.74	13780.15
387.00	12933.13	14189.25
388.00	12750.35	13781.14
389.00	12581.53	12830.25
390.00	12427.68	12686.50
391.00	12289.73	13235.74
392.00	12168.48	13154.78
393.00	12064.65	12361.71
394.00	11978.81	11693.67
395.00	11911.43	12152.22
396.00	11862.84	12773.64
397.00	11833.25	12507.75
398.00	11822.74	11538.80
399.00	11831.25	11205.49
400.00	11858.60	11848.34
