0.00	0.00	2.45
1.00	15000.00	6.08
2.00	15749.69	5.26
3.00	16497.50	9.55
4.00	17241.57	41.10
5.00	17980.04	98.17
6.00	18711.06	212.23
7.00	19432.80	348.82
8.00	20143.47	637.97
9.00	20841.28	1125.05
10.00	21524.48	1545.75
11.00	22191.38	1951.45
12.00	22840.31	2554.13
13.00	23469.64	3092.59
14.00	24077.80	3716.98
15.00	24663.27	4443.36
16.00	25224.58	5137.85
17.00	25760.34	5962.08
18.00	26269.21	6748.15
19.00	26749.90	7639.66
20.00	27201.23	8508.87
21.00	27622.07	9451.60
22.00	28011.35	10396.52
23.00	28368.11	11361.84
24.00	28691.46	12352.62
25.00	28980.59	13334.14
26.00	29234.77	14344.20
27.00	29453.37	15339.33
28.00	29635.85	16338.37
29.00	29781.75	17343.28
30.00	29890.70	18337.36
31.00	29962.42	19352.00
32.00	29996.76	20351.20
33.00	29993.60	21342.44
34.00	29952.98	22323.48
35.00	29874.97	23256.16
36.00	29759.79	24177.20
37.00	29607.72	25040.30
38.00	29419.13	25872.93
39.00	29194.50	26659.60
40.00	28934.40	27384.02
41.00	28639.46	28064.09
42.00	28310.43	28660.66
43.00	27948.14	29212.23
44.00	27553.48	29697.85
45.00	27127.45	30094.64
46.00	26671.10	30496.26
47.00	26185.58	30709.57
48.00	25672.10	30961.79
49.00	25131.95	31148.21
50.00	24566.47	31131.63
51.00	23977.08	31164.27
52.00	23365.26	31217.05
53.00	22732.52	31028.67
54.00	22080.46	30717.85
55.00	21410.70	30454.21
56.00	20724.91	30290.05
57.00	20024.82	30093.80
58.00	19312.17	29654.18
59.00	18588.74	28993.30
60.00	17856.34	28324.43
61.00	17116.80	27743.19
62.00	16371.97	27184.84
63.00	15623.71	26639.86
64.00	14873.89	26136.98
65.00	14124.39	25762.88
66.00	13377.07	25326.79
67.00	12633.82	24737.10
68.00	11896.47	24132.49
69.00	11166.88	23562.22
70.00	10446.88	23030.84
71.00	9738.25	22528.14
72.00	9042.78	22035.70
73.00	8362.20	21533.42
74.00	7698.20	21015.01
75.00	7052.46	20489.06
76.00	6426.58	19969.50
77.00	5822.13	19467.61
78.00	5240.62	18988.65
79.00	4683.51	18527.07
80.00	4152.18	18075.00
81.00	3647.96	17623.42
82.00	3172.12	17169.33
83.00	2725.84	16713.37
84.00	2310.25	16259.80
85.00	1926.37	15815.44
86.00	1575.16	15383.98
87.00	1257.51	14966.31
88.00	974.21	14558.71
89.00	725.97	14154.21
90.00	513.41	13751.23
91.00	337.05	13350.82
92.00	197.34	12955.76
93.00	94.63	12569.32
94.00	29.18	12193.88
95.00	1.15	11827.95
96.00	10.61	11469.40
97.00	57.53	11117.59
98.00	141.80	10770.55
99.00	263.21	10426.53
100.00	421.45	10086.85
101.00	616.14	9754.52
102.00	846.77	9437.27
103.00	1112.78	9130.00
104.00	1413.50	8826.94
105.00	1748.18	8517.39
106.00	2115.98	8183.42
107.00	2515.99	7825.40
108.00	2947.20	7458.77
109.00	3408.53	7100.30
110.00	3898.84	6757.15
111.00	4416.90	6425.16
112.00	4961.40	6101.56
113.00	5531.00	5785.06
114.00	6124.27	5473.43
115.00	6739.71	5169.50
116.00	7375.81	4875.33
117.00	8030.97	4594.67
118.00	8703.54	4327.55
119.00	9391.85	4073.59
120.00	10094.18	3833.03
121.00	10808.77	3604.40
122.00	11533.84	3385.97
123.00	12267.56	3175.70
124.00	13008.12	2975.70
125.00	13753.66	2787.09
126.00	14502.31	2608.47
127.00	15252.21	2439.18
128.00	16001.47	2279.09
129.00	16748.24	2128.99
130.00	17490.63	1988.53
131.00	18226.80	1855.47
132.00	18954.91	1732.50
133.00	19673.12	1636.95
134.00	20379.66	1588.40
135.00	21072.75	1638.11
136.00	21750.66	1799.03
137.00	22411.70	2177.99
138.00	23054.21	2824.20
139.00	23676.60	3393.74
140.00	24277.29	4084.65
141.00	24854.80	4883.90
142.00	25407.68	5700.90
143.00	25934.54	6635.95
144.00	26434.07	7583.81
145.00	26905.02	8591.55
146.00	27346.22	9611.78
147.00	27756.55	10638.40
148.00	28135.00	11694.40
149.00	28480.62	12724.05
150.00	28792.55	13773.43
151.00	29070.00	14810.70
152.00	29312.29	15850.13
153.00	29518.79	16911.57
154.00	29689.02	17959.84
155.00	29822.52	19017.20
156.00	29918.98	20053.76
157.00	29978.15	21073.62
158.00	29999.88	22091.07
159.00	29984.12	23076.86
160.00	29930.91	24062.06
161.00	29840.37	25012.08
162.00	29712.75	25928.45
163.00	29548.35	26819.26
164.00	29347.59	27633.82
165.00	29110.96	28424.63
166.00	28839.06	29117.24
167.00	28532.58	29797.07
168.00	28192.27	30350.34
169.00	27818.99	30904.30
170.00	27413.66	31318.53
171.00	26977.31	31709.75
172.00	26511.02	32046.20
173.00	26015.95	32208.32
174.00	25493.37	32435.44
175.00	24944.54	32548.15
176.00	24370.86	32464.90
177.00	23773.75	32424.91
178.00	23154.72	32449.40
179.00	22515.32	32237.09
180.00	21857.12	31874.32
181.00	21181.78	31448.66
182.00	20490.99	31090.49
183.00	19786.47	30769.20
184.00	19070.00	30447.43
185.00	18343.35	29915.37
186.00	17608.34	29264.00
187.00	16866.81	28617.50
188.00	16120.62	28000.23
189.00	15371.64	27412.61
190.00	14621.71	26843.62
191.00	13872.73	26278.71
192.00	13126.57	25708.30
193.00	12385.09	25131.81
194.00	11650.16	24557.91
195.00	10923.59	23996.97
196.00	10207.21	23452.91
197.00	9502.81	22922.40
198.00	8812.15	22401.38
199.00	8136.97	21885.28
200.00	7478.93	21371.66
201.00	6839.68	20863.17
202.00	6220.84	20358.70
203.00	5623.94	19859.06
204.00	5050.48	19367.26
205.00	4501.88	18886.02
206.00	3979.52	18416.07
207.00	3484.71	17954.33
208.00	3018.68	17496.46
209.00	2582.61	17041.96
210.00	2177.56	16591.15
211.00	1804.56	16143.80
212.00	1464.55	15701.00
213.00	1158.37	15270.52
214.00	886.79	14851.62
215.00	650.47	14442.48
216.00	450.03	14038.42
217.00	285.96	13637.92
218.00	158.66	13240.09
219.00	68.46	12847.02
220.00	15.57	12461.66
221.00	0.15	12084.55
222.00	22.21	11719.59
223.00	81.71	11365.70
224.00	178.50	11019.61
225.00	312.33	10677.29
226.00	482.88	10336.31
227.00	689.71	9994.60
228.00	932.31	9657.51
229.00	1210.07	9329.20
230.00	1522.30	8996.93
231.00	1868.22	8635.51
232.00	2246.96	8255.05
233.00	2657.58	7880.24
234.00	3099.03	7518.97
235.00	3570.24	7167.87
236.00	4070.03	6822.83
237.00	4597.13	6481.64
238.00	5150.23	6146.59
239.00	5727.94	5820.95
240.00	6328.84	5510.27
241.00	6951.41	5216.30
242.00	7594.09	4935.91
243.00	8255.29	4665.33
244.00	8933.34	4402.89
245.00	9626.56	4148.94
246.00	10333.21	3902.45
247.00	11051.53	3666.57
248.00	11779.71	3443.81
249.00	12515.93	3233.04
250.00	13258.37	3035.79
251.00	14005.17	2852.35
252.00	14754.45	2678.27
253.00	15504.35	2509.04
254.00	16252.97	2345.64
255.00	16998.48	2190.24
256.00	17738.99	2043.96
257.00	18472.65	1909.50
258.00	19197.63	1798.81
259.00	19912.11	1728.47
260.00	20614.33	1701.60
261.00	21302.51	1797.24
262.00	21974.93	2007.68
263.00	22629.93	2534.30
264.00	23265.84	3136.30
265.00	23881.10	3674.81
266.00	24474.16	4431.69
267.00	25043.55	5176.35
268.00	25587.83	6035.79
269.00	26105.64	6936.95
270.00	26595.69	7915.90
271.00	27056.77	8902.84
272.00	27487.70	9945.22
273.00	27887.43	10960.30
274.00	28254.94	12008.44
275.00	28589.32	13035.51
276.00	28889.74	14069.50
277.00	29155.44	15125.25
278.00	29385.75	16179.82
279.00	29580.11	17254.41
280.00	29738.03	18309.95
281.00	29859.11	19356.43
282.00	29943.05	20399.76
283.00	29989.64	21414.32
284.00	29998.77	22429.64
285.00	29970.40	23416.53
286.00	29904.62	24381.95
287.00	29801.58	25329.78
288.00	29661.55	26223.07
289.00	29484.87	27094.44
290.00	29271.98	27878.94
291.00	29023.43	28646.56
292.00	28739.82	29319.32
293.00	28421.86	29974.22
294.00	28070.37	30498.09
295.00	27686.20	31029.20
296.00	27270.33	31406.85
297.00	26823.78	31786.70
298.00	26347.68	32091.34
299.00	25843.23	32225.75
300.00	25311.66	32430.11
301.00	24754.32	32520.01
302.00	24172.60	32412.60
303.00	23567.95	32328.73
304.00	22941.90	32340.14
305.00	22295.98	32151.51
306.00	21631.83	31768.68
307.00	20951.11	31320.84
308.00	20255.50	30895.36
309.00	19546.78	30528.59
310.00	18826.68	30206.71
311.00	18097.01	29821.61
312.00	17359.61	29221.45
313.00	16616.30	28564.61
314.00	15868.97	27933.97
315.00	15119.45	27347.04
316.00	14369.63	26793.50
317.00	13621.39	26250.46
318.00	12876.60	25704.58
319.00	12137.13	25146.48
320.00	11404.80	24579.78
