0.00	0.00	-1.0
1.00	15000.00	-1.0
2.00	16123.95	415.0
3.00	17241.57	2408.8
4.00	18346.60	4803.4
5.00	19432.80	6966.8
6.00	20494.09	9053.6
7.00	21524.49	11149.9
8.00	22518.20	13084.8
9.00	23469.64	14709.5
10.00	24373.46	16133.8
11.00	25224.58	17444.8
12.00	26018.22	18651.9
13.00	26749.90	19737.9
14.00	27415.53	20673.4
15.00	28011.35	21520.4
16.00	28534.01	22331.7
17.00	28980.59	23079.3
18.00	29348.56	23757.6
19.00	29635.85	24422.2
20.00	29840.86	25107.5
21.00	29962.42	25741.2
22.00	29999.87	26222.0
23.00	29952.97	26603.6
24.00	29822.01	27031.0
25.00	29607.72	27350.3
26.00	29311.29	27391.5
27.00	28934.40	27577.8
28.00	28479.16	27496.4
29.00	27948.14	27318.2
30.00	27344.32	27112.4
31.00	26671.10	26713.7
32.00	25932.26	26141.6
33.00	25131.95	25863.5
34.00	24274.68	24890.6
35.00	23365.25	24438.9
36.00	22408.81	23841.4
37.00	21410.70	22595.2
38.00	20376.55	21789.5
39.00	19312.17	21437.7
40.00	18223.55	20349.6
41.00	17116.80	18886.2
42.00	15998.15	17757.6
43.00	14873.89	17292.0
44.00	13750.34	16548.4
45.00	12633.81	15487.6
46.00	11530.59	14504.7
47.00	10446.88	13669.3
48.00	9388.76	12765.8
49.00	8362.19	11798.3
50.00	7372.94	10925.1
51.00	6426.58	10141.7
52.00	5528.42	9223.9
53.00	4683.51	8227.1
54.00	3896.60	7295.3
55.00	3172.12	6475.6
56.00	2514.14	5739.7
57.00	1926.37	5043.3
58.00	1412.09	4379.8
59.00	974.21	3793.8
60.00	615.19	3277.7
61.00	337.05	2808.8
62.00	141.35	2377.1
63.00	29.18	2005.2
64.00	1.19	1694.4
65.00	57.53	1424.8
66.00	197.88	1195.1
67.00	421.45	1001.4
68.00	726.99	843.0
69.00	1112.78	716.6
70.00	1576.65	608.4
71.00	2115.98	516.5
72.00	2727.76	446.8
73.00	3408.53	392.7
74.00	4154.48	348.7
75.00	4961.40	316.5
76.00	5824.77	247.8
77.00	6739.71	402.0
78.00	7701.10	1263.0
79.00	8703.54	2067.1
80.00	9741.37	3026.9
81.00	10808.77	4237.6
82.00	11899.73	5547.3
83.00	13008.12	6856.1
84.00	14127.72	8152.6
85.00	15252.20	9448.8
86.00	16375.29	10765.7
87.00	17490.64	12086.7
88.00	18591.97	13367.6
89.00	19673.13	14610.8
90.00	20727.99	15871.5
91.00	21750.66	17122.2
92.00	22735.38	18340.9
93.00	23676.59	19516.6
94.00	24569.04	20659.6
95.00	25407.67	21785.1
96.00	26187.80	22861.0
97.00	26905.02	23878.8
98.00	27555.30	24828.3
99.00	28135.00	25729.9
100.00	28640.84	26570.3
101.00	29070.00	27335.9
102.00	29420.05	28009.2
103.00	29689.02	28545.4
104.00	29875.40	29002.4
105.00	29978.15	29483.9
106.00	29996.69	29823.1
107.00	29930.91	29938.1
108.00	29781.18	30193.6
109.00	29548.35	30220.5
110.00	29233.72	30150.9
111.00	28839.06	30135.2
112.00	28366.59	29748.0
113.00	27818.99	29603.5
114.00	27199.29	29103.4
115.00	26511.02	28630.3
116.00	25758.02	28257.7
117.00	24944.53	27329.1
118.00	24075.15	26914.9
119.00	23154.72	26251.3
120.00	22188.47	25031.4
121.00	21181.78	24204.4
122.00	20140.33	23808.4
123.00	19070.00	22787.8
124.00	17976.77	21332.6
125.00	16866.83	20115.8
126.00	15746.36	19381.4
127.00	14621.70	18763.4
128.00	13499.19	17516.2
129.00	12385.09	16481.7
130.00	11285.72	15615.0
131.00	10207.21	14668.1
132.00	9155.65	13644.6
133.00	8136.97	12705.3
134.00	7156.85	11900.3
135.00	6220.85	11122.8
136.00	5334.19	10291.2
137.00	4501.87	9410.3
138.00	3728.60	8477.7
139.00	3018.68	7620.7
140.00	2376.14	6808.9
141.00	1804.56	6033.3
142.00	1307.18	5302.8
143.00	886.79	4671.5
144.00	545.74	4090.3
145.00	285.96	3539.4
146.00	108.91	3039.2
147.00	15.57	2607.9
148.00	6.49	2236.4
149.00	81.71	1891.6
150.00	240.80	1594.9
151.00	482.88	1351.9
152.00	806.58	1145.8
153.00	1210.07	972.0
154.00	1691.10	826.3
155.00	2246.95	701.1
156.00	2874.51	601.6
157.00	3570.25	532.0
158.00	4330.24	513.9
159.00	5150.23	437.9
160.00	6025.58	392.7
161.00	6951.41	1084.4
162.00	7922.49	1645.8
163.00	8933.35	2593.5
164.00	9978.31	3630.7
165.00	11051.51	4764.9
166.00	12146.93	5995.0
167.00	13258.39	7245.0
168.00	14379.63	8516.7
169.00	15504.34	9814.8
170.00	16626.23	11121.0
171.00	17738.99	12405.6
172.00	18836.35	13662.4
173.00	19912.13	14924.3
174.00	20960.27	16180.0
175.00	21974.92	17425.9
176.00	22950.37	18643.1
177.00	23881.11	19824.2
178.00	24761.91	20976.3
179.00	25587.82	22100.1
180.00	26354.21	23177.2
181.00	27056.77	24192.0
182.00	27691.54	25138.8
183.00	28254.94	26026.8
184.00	28743.82	26837.7
185.00	29155.43	27565.7
186.00	29487.46	28240.8
187.00	29738.03	28821.9
188.00	29905.74	29228.5
189.00	29989.64	29562.6
190.00	29989.27	29948.3
191.00	29904.62	30095.8
192.00	29736.16	30162.2
193.00	29484.86	30318.7
194.00	29152.13	30084.0
195.00	28739.82	30147.5
196.00	28250.26	29687.3
197.00	27686.20	29637.6
198.00	27050.82	28990.5
199.00	26347.69	28769.0
200.00	25580.75	28074.4
201.00	24754.32	27307.1
202.00	23873.04	27019.8
203.00	22941.89	25961.5
204.00	21966.09	24840.3
205.00	20951.12	24280.9
206.00	19902.67	23704.1
207.00	18826.66	22436.2
208.00	17729.16	21040.0
209.00	16616.31	19967.1
210.00	15494.37	19390.8
211.00	14369.63	18492.3
212.00	13248.44	17292.8
213.00	12137.11	16331.5
214.00	11041.89	15455.1
215.00	9968.91	14463.5
216.00	8924.21	13449.9
217.00	7913.66	12571.6
218.00	6942.96	11782.9
219.00	6017.60	10976.7
220.00	5142.70	10139.5
221.00	4323.22	9252.2
222.00	3563.77	8347.1
223.00	2868.62	7500.1
224.00	2241.71	6691.5
225.00	1686.50	5929.4
226.00	1206.14	5219.2
227.00	803.34	4594.5
228.00	480.36	4017.6
229.00	239.03	3477.4
230.00	80.67	2987.5
231.00	6.20	2564.9
232.00	16.03	2197.3
233.00	110.11	1866.9
234.00	287.90	1576.1
235.00	548.41	1329.1
236.00	890.17	1126.7
237.00	1311.27	956.7
238.00	1809.33	814.2
239.00	2381.52	695.7
240.00	3024.69	598.6
241.00	3735.19	522.5
242.00	4509.03	479.9
243.00	5341.85	465.3
244.00	6228.92	384.0
245.00	7165.36	1012.6
246.00	8145.85	1688.5
247.00	9164.87	2690.8
248.00	10216.70	3739.8
249.00	11295.37	4907.3
250.00	12394.93	6179.5
251.00	13509.13	7475.5
252.00	14631.71	8782.0
253.00	15756.36	10107.3
254.00	16876.71	11432.1
255.00	17986.56	12730.2
256.00	19079.62	14001.3
257.00	20149.74	15262.5
258.00	21190.90	16512.1
259.00	22197.21	17739.0
260.00	23163.10	18937.3
261.00	24083.10	20103.8
262.00	24952.03	21241.7
263.00	25765.00	22353.0
264.00	26517.41	23415.0
265.00	27205.10	24420.4
266.00	27824.17	25365.2
267.00	28371.14	26230.7
268.00	28842.92	27003.0
269.00	29236.86	27712.3
270.00	29550.77	28379.9
271.00	29782.88	28922.1
272.00	29931.86	29301.3
273.00	29996.90	29673.8
274.00	29977.61	30051.1
275.00	29874.11	30146.3
276.00	29686.99	30273.4
277.00	29417.29	30348.9
278.00	29066.52	30138.4
279.00	28636.70	30155.1
280.00	28130.18	29689.1
281.00	27549.83	29565.5
282.00	26898.93	28993.3
283.00	26181.13	28503.6
284.00	25400.49	28095.6
285.00	24561.35	27104.9
286.00	23668.45	26546.1
287.00	22726.80	26036.3
288.00	21741.72	24762.6
289.00	20718.78	23644.4
290.00	19663.64	23098.8
291.00	18582.27	22459.7
292.00	17480.77	21242.2
293.00	16365.31	20092.0
294.00	15242.24	18863.6
295.00	14117.75	17692.4
296.00	12998.22	16952.6
297.00	11889.94	16252.1
298.00	10799.15	15201.2
299.00	9732.04	14282.9
300.00	8694.48	13418.4
301.00	7692.38	12515.0
302.00	6731.37	11622.8
303.00	5816.85	10813.7
304.00	4954.00	10061.0
305.00	4147.59	9227.6
306.00	3402.19	8285.0
307.00	2722.01	7409.1
308.00	2110.86	6642.3
309.00	1572.20	5914.7
310.00	1109.01	5201.5
311.00	723.92	4552.5
312.00	419.10	3983.5
313.00	196.26	3466.8
314.00	56.66	2983.3
315.00	1.07	2550.6
316.00	29.81	2175.7
317.00	142.72	1853.9
318.00	339.16	1572.7