0.00	0.00	4.79
1.00	15000.00	6.45
2.00	16123.95	5.25
3.00	17241.57	6.45
4.00	18346.60	17.11
5.00	19432.80	30.50
6.00	20494.09	43.22
7.00	21524.49	242.66
8.00	22518.20	747.53
9.00	23469.64	1268.55
10.00	24373.46	1715.88
11.00	25224.58	2361.35
12.00	26018.22	2981.50
13.00	26749.90	3671.27
14.00	27415.53	4481.50
15.00	28011.35	5323.14
16.00	28534.01	6262.73
17.00	28980.59	7213.47
18.00	29348.56	8190.00
19.00	29635.85	9185.05
20.00	29840.86	10168.33
21.00	29962.42	11190.25
22.00	29999.87	12204.07
23.00	29952.97	13244.20
24.00	29822.01	14297.19
25.00	29607.72	15338.31
26.00	29311.29	16391.12
27.00	28934.40	17426.48
28.00	28479.16	18455.94
29.00	27948.14	19488.00
30.00	27344.32	20490.52
31.00	26671.10	21481.62
32.00	25932.26	22433.32
33.00	25131.95	23328.35
34.00	24274.68	24183.11
35.00	23365.25	24933.12
36.00	22408.81	25643.26
37.00	21410.70	26205.63
38.00	20376.55	26739.46
39.00	19312.17	27085.78
40.00	18223.55	27383.42
41.00	17116.80	27597.72
42.00	15998.15	27549.30
43.00	14873.89	27467.73
44.00	13750.34	27433.47
45.00	12633.81	27147.99
46.00	11530.59	26574.54
47.00	10446.88	25969.11
48.00	9388.76	25367.49
49.00	8362.19	24782.71
50.00	7372.94	24218.01
51.00	6426.58	23643.65
52.00	5528.42	23068.86
53.00	4683.51	22516.19
54.00	3896.60	21977.89
55.00	3172.12	21451.82
56.00	2514.14	20943.26
57.00	1926.37	20454.44
58.00	1412.09	19981.38
59.00	974.21	19516.86
60.00	615.19	19054.96
61.00	337.05	18597.32
62.00	141.35	18143.26
63.00	29.18	17694.93
64.00	1.19	17253.94
65.00	57.53	16822.90
66.00	197.88	16403.01
67.00	421.45	15993.46
68.00	726.99	15589.76
69.00	1112.78	15189.62
70.00	1576.65	14792.77
71.00	2115.98	14401.34
72.00	2727.76	14018.61
73.00	3408.53	13644.16
74.00	4154.48	13277.20
75.00	4961.40	12917.95
76.00	5824.77	12565.35
77.00	6739.71	12215.97
78.00	7701.10	11870.84
79.00	8703.54	11529.86
80.00	9741.37	11195.84
81.00	10808.77	10870.89
82.00	11899.73	10556.01
83.00	13008.12	10247.90
84.00	14127.72	9946.10
85.00	15252.20	9648.46
86.00	16375.29	9355.33
87.00	17490.64	9067.25
88.00	18591.97	8784.47
89.00	19673.13	8509.85
90.00	20727.99	8244.44
91.00	21750.66	7986.49
92.00	22735.38	7732.71
93.00	23676.59	7482.97
94.00	24569.04	7234.97
95.00	25407.67	6979.74
96.00	26187.80	6704.11
97.00	26905.02	6512.33
98.00	27555.30	6617.81
99.00	28135.00	6823.64
100.00	28640.84	6919.35
101.00	29070.00	7090.30
102.00	29420.05	7616.01
103.00	29689.02	8182.39
104.00	29875.40	8824.01
105.00	29978.15	9618.40
106.00	29996.69	10406.81
107.00	29930.91	11308.93
108.00	29781.18	12219.18
109.00	29548.35	13187.80
110.00	29233.72	14175.46
111.00	28839.06	15181.35
112.00	28366.59	16219.62
113.00	27818.99	17235.34
114.00	27199.29	18263.71
115.00	26511.02	19260.57
116.00	25758.02	20224.90
117.00	24944.53	21158.89
118.00	24075.15	22012.87
119.00	23154.72	22829.28
120.00	22188.47	23522.90
121.00	21181.78	24189.39
122.00	20140.33	24693.44
123.00	19070.00	25171.68
124.00	17976.77	25493.80
125.00	16866.83	25644.68
126.00	15746.36	25831.17
127.00	14621.70	25810.81
128.00	13499.19	25556.91
129.00	12385.09	25229.82
130.00	11285.72	24906.71
131.00	10207.21	24594.91
132.00	9155.65	24156.16
133.00	8136.97	23555.74
134.00	7156.85	22944.86
135.00	6220.85	22363.18
136.00	5334.19	21807.55
137.00	4501.87	21268.49
138.00	3728.60	20738.52
139.00	3018.68	20212.25
140.00	2376.14	19688.69
141.00	1804.56	19169.88
142.00	1307.18	18658.16
143.00	886.79	18158.52
144.00	545.74	17672.20
145.00	285.96	17199.04
146.00	108.91	16735.66
147.00	15.57	16278.51
148.00	6.49	15824.51
149.00	81.71	15372.39
150.00	240.80	14924.68
151.00	482.88	14485.29
152.00	806.58	14057.55
153.00	1210.07	13641.62
154.00	1691.10	13239.32
155.00	2246.95	12846.62
156.00	2874.51	12457.39
157.00	3570.25	12069.69
158.00	4330.24	11684.05
159.00	5150.23	11302.97
160.00	6025.58	10930.67
161.00	6951.41	10571.02
162.00	7922.49	10223.75
163.00	8933.35	9886.51
164.00	9978.31	9553.90
165.00	11051.51	9213.35
166.00	12146.93	8841.81
167.00	13258.39	8441.49
168.00	14379.63	8042.33
169.00	15504.34	7663.80
170.00	16626.23	7307.56
171.00	17738.99	6963.79
172.00	18836.35	6625.05
173.00	19912.13	6289.52
174.00	20960.27	5958.83
175.00	21974.92	5636.87
176.00	22950.37	5324.48
177.00	23881.11	5025.19
178.00	24761.91	4743.63
179.00	25587.82	4490.92
180.00	26354.21	4303.59
181.00	27056.77	4209.87
182.00	27691.54	4284.49
183.00	28254.94	4580.05
184.00	28743.82	5228.34
185.00	29155.43	5881.97
186.00	29487.46	6629.03
187.00	29738.03	7472.85
188.00	29905.74	8347.37
189.00	29989.64	9305.33
190.00	29989.27	10305.77
191.00	29904.62	11333.75
192.00	29736.16	12402.25
193.00	29484.86	13448.95
194.00	29152.13	14514.68
195.00	28739.82	15554.48
196.00	28250.26	16594.75
197.00	27686.20	17648.83
198.00	27050.82	18694.96
199.00	26347.69	19755.29
200.00	25580.75	20778.37
201.00	24754.32	21754.43
202.00	23873.04	22687.68
203.00	22941.89	23524.55
204.00	21966.09	24316.43
205.00	20951.12	24975.56
206.00	19902.67	25598.86
207.00	18826.66	26045.55
208.00	17729.16	26452.54
209.00	16616.31	26735.11
210.00	15494.37	26777.84
211.00	14369.63	26840.00
212.00	13248.44	26839.46
213.00	12137.11	26527.61
214.00	11041.89	26089.58
215.00	9968.91	25543.82
216.00	8924.21	24970.51
217.00	7913.66	24423.45
218.00	6942.96	23925.72
219.00	6017.60	23427.05
220.00	5142.70	22917.38
221.00	4323.22	22405.30
222.00	3563.77	21896.01
223.00	2868.62	21398.30
224.00	2241.71	20919.15
225.00	1686.50	20457.20
226.00	1206.14	20009.43
227.00	803.34	19568.94
228.00	480.36	19127.88
229.00	239.03	18686.57
230.00	80.67	18248.19
231.00	6.20	17814.66
232.00	16.03	17390.24
233.00	110.11	16974.97
234.00	287.90	16570.00
235.00	548.41	16172.48
236.00	890.17	15779.04
237.00	1311.27	15388.23
238.00	1809.33	14999.65
239.00	2381.52	14613.61
240.00	3024.69	14233.53
241.00	3735.19	13863.88
242.00	4509.03	13505.22
243.00	5341.85	13154.21
244.00	6228.92	12806.88
245.00	7165.36	12461.00
246.00	8145.85	12116.36
247.00	9164.87	11776.57
248.00	10216.70	11441.81
249.00	11295.37	11116.07
250.00	12394.93	10796.65
251.00	13509.13	10484.39
252.00	14631.71	10178.62
253.00	15756.36	9878.75
254.00	16876.71	9585.85
255.00	17986.56	9297.72
256.00	19079.62	9012.27
257.00	20149.74	8729.50
258.00	21190.90	8452.67
259.00	22197.21	8186.04
260.00	23163.10	7928.90
261.00	24083.10	7677.15
262.00	24952.03	7421.66
263.00	25765.00	7174.46
264.00	26517.41	7034.10
265.00	27205.10	7045.84
266.00	27824.17	7047.78
267.00	28371.14	6960.46
268.00	28842.92	6925.51
269.00	29236.86	7196.96
270.00	29550.77	7789.50
271.00	29782.88	8324.20
272.00	29931.86	9031.04
273.00	29996.90	9801.18
274.00	29977.61	10627.68
275.00	29874.11	11517.21
276.00	29686.99	12455.17
277.00	29417.29	13423.03
278.00	29066.52	14442.96
279.00	28636.70	15452.51
280.00	28130.18	16495.60
281.00	27549.83	17513.36
282.00	26898.93	18529.86
283.00	26181.13	19527.02
284.00	25400.49	20475.25
285.00	24561.35	21402.63
286.00	23668.45	22236.45
287.00	22726.80	23037.52
288.00	21741.72	23707.40
289.00	20718.78	24346.76
290.00	19663.64	24802.44
291.00	18582.27	25244.16
292.00	17480.77	25508.89
293.00	16365.31	25611.12
294.00	15242.24	25773.26
295.00	14117.75	25739.36
296.00	12998.22	25448.96
297.00	11889.94	25018.58
298.00	10799.15	24593.61
299.00	9732.04	24149.47
300.00	8694.48	23749.04
301.00	7692.38	23327.50
302.00	6731.37	22792.50
303.00	5816.85	22226.79
304.00	4954.00	21674.24
305.00	4147.59	21143.71
306.00	3402.19	20635.32
307.00	2722.01	20144.02
308.00	2110.86	19661.62
309.00	1572.20	19182.77
310.00	1109.01	18701.04
311.00	723.92	18222.64
312.00	419.10	17749.69
313.00	196.26	17284.84
314.00	56.66	16833.38
315.00	1.07	16396.70
316.00	29.81	15969.02
317.00	142.72	15547.33
318.00	339.16	15126.37
319.00	618.02	14704.93
320.00	977.75	14287.44
321.00	1416.33	13877.04
322.00	1931.26	13479.36
323.00	2519.70	13093.77
324.00	3178.25	12717.82
325.00	3903.33	12347.73
326.00	4690.76	11980.78
327.00	5536.15	11615.35
328.00	6434.80	11252.63
329.00	7381.53	10896.20
330.00	8371.17	10549.46
331.00	9398.03	10215.37
332.00	10456.38	9892.75
333.00	11540.34	9577.17
334.00	12643.66	9264.42
335.00	13760.31	8953.67
336.00	14883.88	8641.00
337.00	16008.10	8310.75
338.00	17126.72	7956.33
339.00	18233.28	7596.53
340.00	19321.76	7248.19
341.00	20385.88	6912.53
342.00	21419.72	6585.41
343.00	22417.51	6265.09
344.00	23373.53	5949.87
345.00	24282.54	5649.53
346.00	25139.31	5361.78
347.00	25939.08	5090.40
348.00	26677.39	4885.79
349.00	27349.98	4777.76
350.00	27953.19	4836.38
351.00	28483.54	5135.69
352.00	28938.09	5784.42
353.00	29314.28	6405.70
354.00	29609.98	7136.46
355.00	29823.55	7950.43
356.00	29953.76	8796.73
357.00	29999.91	9730.05
358.00	29961.71	10711.50
359.00	29839.41	11722.84
360.00	29633.66	12773.37
361.00	29345.64	13803.32
362.00	28976.97	14855.68
363.00	28529.69	15881.47
364.00	28006.39	16915.60
365.00	27409.91	17953.00
366.00	26743.69	18979.10
367.00	26011.45	20017.31
368.00	25217.25	21007.74
369.00	24365.68	21959.55
370.00	23461.38	22843.84
371.00	22509.55	23643.34
372.00	21515.50	24381.31
373.00	20484.77	24999.13
374.00	19423.28	25542.47
375.00	18336.84	25975.68
376.00	17231.69	26224.58
377.00	16114.00	26497.98
378.00	14989.99	26560.07
379.00	13866.11	26390.61
380.00	12748.53	26211.89
381.00	11643.67	26069.43
382.00	10557.67	25822.80
383.00	9496.59	25362.63
384.00	8466.54	24752.67
385.00	7473.15	24119.22
386.00	6522.12	23520.95
387.00	5618.76	22954.29
388.00	4768.09	22405.89
389.00	3975.02	21860.92
390.00	3243.88	21310.39
391.00	2578.87	20757.81
392.00	1983.69	20210.69
393.00	1461.67	19679.33
394.00	1015.80	19167.20
395.00	648.53	18672.67
396.00	361.96	18191.77
397.00	157.70	17717.90
398.00	36.87	17243.82
399.00	0.18	16769.02
400.00	47.82	16296.22
401.00	179.53	15830.74
402.00	394.55	15378.00
403.00	691.72	14939.94
404.00	1069.30	14513.05
405.00	1525.23	14093.72
406.00	2056.91	13679.26
407.00	2661.35	13270.71
408.00	3335.20	12867.10
409.00	4074.57	12466.96
410.00	4875.44	12075.60
411.00	5733.18	11691.26
412.00	6643.03	11315.08
413.00	7599.91	10948.80
414.00	8598.32	10591.72
415.00	9632.80	10238.97
416.00	10697.40	9865.42
417.00	11786.20	9447.08
418.00	12893.12	9016.80
419.00	14011.79	8602.84
420.00	15136.12	8208.40
421.00	16259.62	7831.06
422.00	17376.04	7468.27
423.00	18479.15	7114.15
424.00	19562.62	6764.03
425.00	20620.52	6420.31
426.00	21646.77	6087.83
427.00	22635.64	5767.80
428.00	23581.64	5461.25
429.00	24479.31	5167.80
430.00	25323.78	4886.20
431.00	26110.12	4619.34
432.00	26833.99	4422.15
433.00	27491.41	4357.21
434.00	28078.52	4579.32
435.00	28592.16	5187.84
436.00	29029.33	5777.33
437.00	29387.63	6449.67
438.00	29665.06	7257.85
439.00	29860.02	8064.48
440.00	29971.44	8997.82
441.00	29998.68	9953.92
442.00	29941.59	10980.41
443.00	29800.50	12031.55
444.00	29576.20	13089.58
445.00	29269.92	14164.71
446.00	28883.44	15204.95
447.00	28418.91	16253.23
448.00	27878.89	17291.84
449.00	27266.51	18340.91
450.00	26585.09	19407.46
451.00	25838.62	20440.19
452.00	25031.21	21448.14
453.00	24167.31	22386.89
454.00	23251.96	23256.23
455.00	22290.12	24065.01
456.00	21287.39	24760.66
457.00	20249.31	25394.73
458.00	19181.62	25896.50
459.00	18090.52	26282.41
460.00	16981.93	26630.98
461.00	15862.31	26721.01
462.00	14737.85	26752.32
463.00	13614.74	26816.34
464.00	12499.54	26603.82
465.00	11398.28	26176.31
466.00	10317.39	25663.92
467.00	9262.82	25090.33
468.00	8240.40	24533.75
469.00	7256.09	24042.57
470.00	6315.22	23578.96
471.00	5423.27	23074.69
472.00	4585.17	22554.19
473.00	3805.54	22036.09
474.00	3088.92	21531.08
475.00	2439.21	21042.33
476.00	1860.18	20571.15
477.00	1355.02	20116.83
478.00	926.53	19673.02
479.00	577.21	19230.63
480.00	308.95	18784.56
481.00	123.32	18333.66
482.00	21.32	17887.11
483.00	3.53	17453.36
484.00	70.05	17035.08
485.00	220.53	16626.44
486.00	454.09	16224.69
487.00	769.42	15825.36
488.00	1164.80	15426.94
489.00	1637.93	15031.71
490.00	2186.23	14639.65
491.00	2806.52	14252.51
492.00	3495.36	13872.05
493.00	4248.96	13503.56
494.00	5062.93	13148.28
495.00	5932.85	12799.78
496.00	6853.66	12452.36
497.00	7820.27	12103.38
498.00	8827.35	11755.29
499.00	9869.03	11410.71
500.00	10939.66	11073.90
501.00	12033.02	10748.35
502.00	13143.05	10436.24
503.00	14263.64	10129.34
504.00	15388.26	9827.79
505.00	16510.80	9528.80
506.00	17624.74	9232.24
507.00	18723.92	8939.95
508.00	19802.28	8652.54
509.00	20853.52	8371.03
510.00	21871.96	8099.64
511.00	22851.66	7839.91
512.00	23787.22	7607.54
513.00	24673.47	7426.84
514.00	25505.24	7195.24
515.00	26278.02	6853.41
516.00	26987.33	6511.64
517.00	27629.24	6297.29
518.00	28200.20	6190.33
519.00	28696.89	6209.38
520.00	29116.61	6482.77
521.00	29456.93	7100.05
522.00	29715.97	7664.23
523.00	29892.30	8340.12
524.00	29984.88	9118.87
525.00	29993.21	9937.09
526.00	29917.24	10858.59
527.00	29757.42	11829.94
528.00	29514.60	12843.21
529.00	29190.20	13892.31
530.00	28785.97	14922.22
531.00	28304.29	15969.09
532.00	27747.81	16985.12
533.00	27119.59	18011.17
534.00	26423.30	19034.40
535.00	25662.70	20028.04
536.00	24842.24	21003.62
537.00	23966.44	21898.32
538.00	23040.14	22752.48
539.00	22068.73	23489.54
540.00	21057.48	24175.90
541.00	20012.27	24707.75
542.00	18938.88	25218.73
543.00	17843.24	25509.81
544.00	16731.72	25766.61
545.00	15610.35	25967.26
546.00	14485.67	25890.07
547.00	13363.87	25684.76
548.00	12251.17	25509.55
549.00	11154.03	25323.92
550.00	10078.40	24977.09
551.00	9030.55	24461.01
552.00	8016.27	23850.69
553.00	7041.14	23242.41
554.00	6110.87	22668.51
555.00	5230.48	22119.88
556.00	4405.10	21583.88
557.00	3639.29	21046.79
558.00	2937.28	20505.30
559.00	2303.16	19964.84
560.00	1740.36	19433.17
561.00	1252.18	18917.24
562.00	841.28	18421.34
563.00	509.95	17943.40
564.00	260.12	17476.71
565.00	93.14	17014.00
566.00	9.99	16547.61
567.00	11.11	16081.52
568.00	96.51	15620.08
569.00	265.70	15167.83
570.00	517.75	14728.93
571.00	851.19	14304.20
572.00	1264.17	13890.36
573.00	1754.44	13484.35
574.00	2319.12	13083.30
