79.00	14107.15	12664.7
80.00	14228.26	12457.6
81.00	14365.40	12783.5
82.00	14517.00	12663.8
83.00	14681.46	13017.7
84.00	14857.12	12962.7
85.00	15042.24	13312.6
86.00	15235.08	13373.6
87.00	15433.88	13659.7
88.00	15636.83	13862.1
89.00	15842.18	14022.8
90.00	16048.13	14392.0
91.00	16252.94	14470.0
92.00	16454.88	14904.1
93.00	16652.27	15007.4
94.00	16843.49	15352.0
95.00	17026.98	15639.1
96.00	17201.23	15819.4
97.00	17364.83	16235.8
98.00	17516.47	16336.4
99.00	17654.90	16741.6
100.00	17778.99	16977.7
101.00	17887.74	17180.4
102.00	17980.23	17540.5
103.00	18055.68	17595.3
104.00	18113.44	17972.5
105.00	18152.95	18030.9
106.00	18173.83	18275.6
107.00	18175.79	18406.7
108.00	18158.69	18483.4
109.00	18122.53	18676.8
110.00	18067.42	18612.4
111.00	17993.63	18818.6
112.00	17901.52	18667.1
113.00	17791.60	18845.8
114.00	17664.50	18626.6
115.00	17520.97	18767.9
116.00	17361.84	18509.6
117.00	17188.08	18575.1
118.00	17000.75	18325.7
119.00	16800.97	18266.3
120.00	16590.00	18106.3
121.00	16369.12	17835.4
122.00	16139.70	17804.2
123.00	15903.18	17338.2
124.00	15661.01	17394.0
125.00	15414.73	16903.7
126.00	15165.85	16762.9
127.00	14915.93	16517.9
128.00	14666.55	16013.5
129.00	14419.24	16035.0
130.00	14175.56	15469.2
131.00	13937.03	15286.3
132.00	13705.12	15073.7
133.00	13481.30	14481.3
134.00	13266.93	14505.4
135.00	13063.36	14024.4
136.00	12871.81	13711.3
137.00	12693.49	13668.2
138.00	12529.46	13085.0
139.00	12380.72	13127.8
140.00	12248.15	12772.0
141.00	12132.54	12431.0
142.00	12034.54	12492.2
143.00	11954.70	11955.4
144.00	11893.44	12016.0
145.00	11851.06	11743.5
146.00	11827.71	11545.4
147.00	11823.44	11606.1
148.00	11838.15	11222.5
149.00	11871.60	11450.4
150.00	11923.43	11129.9
151.00	11993.15	11326.7
152.00	12080.15	11125.7
153.00	12183.67	11248.3
154.00	12302.85	11207.1
155.00	12436.70	11288.5
156.00	12584.14	11333.7
157.00	12743.97	11420.1
158.00	12914.88	11538.7
159.00	13095.51	11704.5
160.00	13284.36	11796.7
161.00	13479.91	12059.5
162.00	13680.55	12106.1
163.00	13884.61	12477.6
164.00	14090.37	12486.1
165.00	14296.11	12915.4
166.00	14500.04	12974.1
167.00	14700.40	13344.6
168.00	14895.39	13536.6
169.00	15083.23	13763.0
170.00	15262.17	14130.0
171.00	15430.48	14234.1
172.00	15586.48	14669.0
173.00	15728.53	14766.7
174.00	15855.05	15095.3
175.00	15964.56	15332.2
176.00	16055.63	15460.7
177.00	16126.95	15817.0
178.00	16177.28	15835.4
179.00	16205.51	16184.0
180.00	16210.66	16160.4
181.00	16191.86	16428.4
182.00	16148.37	16470.8
183.00	16079.58	16594.8
184.00	15985.06	16676.8
185.00	15864.47	16681.1
186.00	15717.68	16778.5
187.00	15544.68	16690.7
188.00	15345.61	16721.9
189.00	15120.81	16578.7
190.00	14870.72	16484.1
191.00	14595.99	16403.9
192.00	14297.38	16089.6
193.00	13975.83	16085.6
194.00	13632.43	15561.6
195.00	13268.41	15589.1
196.00	12885.12	15110.3
197.00	12484.07	14743.8
198.00	12066.91	14630.2
199.00	11635.37	13934.3
200.00	11191.32	13745.0
201.00	10736.71	13431.3
202.00	10273.62	12625.5
203.00	9804.20	12427.2
204.00	9330.65	12127.5
205.00	8855.26	11253.7
206.00	8380.35	10831.3
207.00	7908.29	10750.5
208.00	7441.49	10023.4
209.00	6982.37	9201.5
210.00	6533.31	9138.2
211.00	6096.73	8867.5
212.00	5675.00	8023.7
213.00	5270.49	7283.4
214.00	4885.48	7278.4
215.00	4522.19	7009.5
216.00	4182.80	6164.7
217.00	3869.38	5412.9
218.00	3583.92	5225.2
219.00	3328.30	5105.7
220.00	3104.25	4390.4
221.00	2913.42	3783.4
222.00	2757.30	3449.9
223.00	2637.25	3407.5
224.00	2554.45	2927.6
225.00	2509.94	2393.6
226.00	2504.60	2188.2
227.00	2539.11	2242.5
228.00	2614.00	1991.5
229.00	2729.60	1604.5
230.00	2886.09	1706.4
231.00	3083.41	1750.6
232.00	3321.37	1575.3
233.00	3599.55	1676.0
234.00	3917.37	1713.2
235.00	4274.06	1812.5
236.00	4668.68	2061.1
237.00	5100.08	2110.6
238.00	5566.98	2522.1
239.00	6067.88	2706.4
240.00	6601.19	3208.9
241.00	7165.12	3461.0
242.00	7757.74	4038.7
243.00	8376.99	4360.2
244.00	9020.66	5025.0
245.00	9686.49	5430.6
246.00	10372.05	6018.3
247.00	11074.84	6678.9
248.00	11792.27	7188.8
249.00	12521.65	7922.8
250.00	13260.34	8652.4
251.00	14005.54	9285.1
252.00	14754.46	10065.4
253.00	15504.31	10941.8
254.00	16252.24	11755.2
255.00	16995.50	12543.2
256.00	17731.30	13390.6
257.00	18456.88	14307.2
258.00	19169.55	15259.1
259.00	19866.65	16164.3
260.00	20545.68	17022.1
261.00	21204.14	17914.8
262.00	21839.65	18832.9
263.00	22449.94	19767.4
264.00	23032.87	20679.3
265.00	23586.44	21524.8
266.00	24108.77	22340.9
267.00	24598.11	23130.6
268.00	25052.91	23913.5
269.00	25471.75	24673.8
270.00	25853.39	25337.5
271.00	26196.77	25944.4
272.00	26500.99	26582.6
273.00	26765.34	27168.6
274.00	26989.31	27603.4
275.00	27172.55	28065.9
276.00	27314.92	28526.8
277.00	27416.44	28774.1
278.00	27477.34	29104.2
279.00	27498.03	29375.2
280.00	27479.08	29467.7
281.00	27421.25	29701.0
282.00	27325.46	29631.7
283.00	27192.81	29779.8
284.00	27024.57	29624.2
285.00	26822.09	29679.8
286.00	26586.95	29426.5
287.00	26320.82	29417.0
288.00	26025.49	29033.1
289.00	25702.89	28962.0
290.00	25355.01	28545.7
291.00	24983.97	28249.6
292.00	24591.96	27973.1
293.00	24181.24	27417.4
294.00	23754.15	27194.0
295.00	23312.99	26636.3
296.00	22860.17	26014.8
297.00	22398.11	25752.7
298.00	21929.23	25110.1
299.00	21455.94	24400.3
300.00	20980.59	24080.3
301.00	20505.57	23503.5
302.00	20033.18	22657.0
303.00	19565.69	22172.0
304.00	19105.31	21838.4
305.00	18654.12	20977.4
306.00	18214.17	20233.2
307.00	17787.38	20024.7
308.00	17375.58	19369.0
309.00	16980.50	18450.7
310.00	16603.70	18072.0
311.00	16246.64	17798.0
312.00	15910.65	16939.4
313.00	15596.90	16312.4
314.00	15306.44	16257.0
315.00	15040.13	15593.0
316.00	14798.71	14908.1
317.00	14582.74	14904.7
318.00	14392.65	14376.0
319.00	14228.68	13844.0
320.00	14090.95	13878.7
321.00	13979.38	13338.4
322.00	13893.78	13161.0
323.00	13833.79	13107.9
324.00	13798.89	12639.6
325.00	13788.45	12817.3
326.00	13801.67	12468.7
327.00	13837.66	12552.1
328.00	13895.37	12447.2
329.00	13973.63	12432.1
330.00	14071.23	12528.5
331.00	14186.77	12505.0
332.00	14318.83	12666.2
333.00	14465.88	12661.4
334.00	14626.30	12875.5
335.00	14798.48	12969.6
336.00	14980.69	13139.6
337.00	15171.20	13344.1
338.00	15368.25	13486.8
339.00	15570.03	13843.9
340.00	15774.80	13890.5
341.00	15980.74	14314.5
342.00	16186.11	14396.0
343.00	16389.18	14798.5
344.00	16588.24	14997.1
345.00	16781.66	15244.7
346.00	16967.85	15618.0
347.00	17145.28	15742.5
348.00	17312.53	16183.7
349.00	17468.21	16321.5
350.00	17611.10	16668.5
351.00	17740.00	16958.2
352.00	17853.88	17118.3
353.00	17951.79	17512.2
354.00	18032.90	17562.8
355.00	18096.51	17922.2
356.00	18142.05	18013.4
357.00	18169.06	18227.7
358.00	18177.24	18409.9
359.00	18166.39	18453.9
360.00	18136.46	18674.8
361.00	18087.54	18608.6
362.00	18019.83	18843.0
363.00	17933.66	18688.0
364.00	17829.52	18887.2
365.00	17707.97	18679.7
366.00	17569.73	18842.4
367.00	17415.60	18552.4
368.00	17246.52	18630.1
369.00	17063.51	18370.8
370.00	16867.67	18302.2
371.00	16660.23	18143.6
372.00	16442.45	17850.7
373.00	16215.66	17838.2
374.00	15981.32	17355.3
375.00	15740.83	17403.3
376.00	15495.73	16958.4
377.00	15247.53	16797.1
378.00	14997.77	16597.8
379.00	14748.05	16062.5
380.00	14499.88	16088.5
381.00	14254.85	15544.2
382.00	14014.47	15272.6
383.00	13780.23	15138.8
384.00	13553.61	14511.4
385.00	13335.99	14511.0
386.00	13128.74	14128.2
387.00	12933.13	13698.4
388.00	12750.35	13730.8
389.00	12581.53	13163.9
390.00	12427.68	13113.1
391.00	12289.73	12885.7
392.00	12168.48	12385.0
393.00	12064.65	12491.0
394.00	11978.81	12016.3
395.00	11911.43	11944.5
396.00	11862.84	11848.4
397.00	11833.25	11463.1
398.00	11822.74	11631.9
399.00	11831.25	11220.9
400.00	11858.60	11378.5
401.00	11904.46	11182.2
402.00	11968.39	11187.6
403.00	12049.81	11202.2
404.00	12148.00	11099.5
405.00	12262.16	11279.1
406.00	12391.32	11148.4
407.00	12534.44	11403.9
408.00	12690.36	11285.6
409.00	12857.78	11580.2
410.00	13035.39	11510.8
411.00	13221.72	11826.3
412.00	13415.25	11855.7
413.00	13614.41	12135.1
414.00	13817.51	12300.7
415.00	14022.92	12493.2
416.00	14228.86	12807.9
417.00	14433.58	12900.5
418.00	14635.31	13330.0
419.00	14832.24	13393.7
420.00	15022.63	13814.1
421.00	15204.67	13962.8
422.00	15376.65	14234.9
423.00	15536.87	14546.0
424.00	15683.65	14658.8
425.00	15815.43	15072.9
426.00	15930.67	15144.4
427.00	16027.92	15522.9
428.00	16105.85	15673.4
429.00	16163.17	15861.9
430.00	16198.77	16118.6
431.00	16211.58	16135.8
432.00	16200.70	16442.9
433.00	16165.37	16365.0
434.00	16104.92	16673.0
435.00	16018.86	16555.0
436.00	15906.83	16800.0
437.00	15768.63	16621.9
438.00	15604.20	16806.9
439.00	15413.64	16541.3
440.00	15197.22	16695.6
441.00	14955.35	16340.4
442.00	14688.61	16463.1
443.00	14397.72	16061.6
444.00	14083.58	16066.5
445.00	13747.19	15759.8
446.00	13389.78	15423.9
447.00	13012.65	15352.9
448.00	12617.23	14712.3
449.00	12205.17	14629.6
450.00	11778.12	14244.7
451.00	11337.96	13578.3
452.00	10886.60	13548.5
453.00	10426.04	12979.8
454.00	9958.47	12246.8
455.00	9486.00	12210.9
456.00	9010.97	11688.8
457.00	8535.66	10824.4
458.00	8062.38	10661.6
459.00	7593.61	10400.7
460.00	7131.68	9553.1
461.00	6679.08	8916.5
462.00	6238.16	8943.8
463.00	5811.30	8472.9
464.00	5400.91	7585.0
465.00	5009.23	7001.7
466.00	4638.61	7074.6
467.00	4291.18	6617.5
468.00	3969.01	5782.9
469.00	3674.20	5109.3
470.00	3408.58	5067.6
471.00	3174.02	4764.0
472.00	2972.16	4051.4
473.00	2804.51	3492.4
474.00	2672.51	3269.3
475.00	2577.38	3170.3
476.00	2520.24	2684.0
477.00	2501.99	2204.1
478.00	2523.38	2120.3
479.00	2585.01	2128.8
480.00	2687.26	1852.9
481.00	2830.35	1540.7
482.00	3014.31	1699.4
483.00	3239.01	1699.2
484.00	3504.07	1577.7
485.00	3809.00	1713.5
486.00	4153.05	1742.0